(29840,29845,29420,29425),
(29831,29839,17253,17261),
(29824,29830,28586,28592),
(29813,29823,29814,29824),
(29802,29812,29803,29813),
(29791,29801,29792,29802),
(29780,29790,29781,29791),
(29769,29779,29770,29780),
(29758,29768,29759,29769),
(29747,29757,29748,29758),
(29736,29746,29737,29747),
(29725,29735,29726,29736),
(29714,29724,29715,29725),
(29703,29713,29704,29714),
(29692,29702,29693,29703),
(29681,29691,29682,29692),
(29670,29680,29671,29681),
(29659,29669,29660,29670),
(29648,29658,29649,29659),
(29637,29647,29638,29648),
(29626,29636,29627,29637),
(29615,29625,29616,29626),
(29604,29614,29605,29615),
(29593,29603,29594,29604),
(29582,29592,29583,29593),
(29571,29581,29572,29582),
(29560,29570,29561,29571),
(29549,29559,29550,29560),
(29538,29548,29539,29549),
(29527,29537,29528,29538),
(29516,29526,29517,29527),
(29505,29515,29506,29516),
(29494,29504,29495,29505),
(29483,29493,29484,29494),
(29472,29482,29473,29483),
(29461,29471,29462,29472),
(29450,29460,29451,29461),
(29439,29449,29440,29450),
(29428,29438,29429,29439),
(29417,29427,29418,29428),
(29406,29416,29407,29417),
(29395,29405,29396,29406),
(29384,29394,29385,29395),
(29373,29383,29374,29384),
(29362,29372,29363,29373),
(29351,29361,29352,29362),
(29340,29350,29341,29351),
(29329,29339,29330,29340),
(29318,29328,29319,29329),
(29307,29317,29308,29318),
(29296,29306,29297,29307),
(29285,29295,29286,29296),
(29274,29284,29275,29285),
(29263,29273,29264,29274),
(29252,29262,29253,29263),
(29241,29251,29242,29252),
(29230,29240,29231,29241),
(29219,29229,29220,29230),
(29208,29218,29209,29219),
(29197,29207,29198,29208),
(29186,29196,29187,29197),
(29175,29185,29176,29186),
(29164,29174,29165,29175),
(29153,29163,29154,29164),
(29142,29152,29143,29153),
(29131,29141,29132,29142),
(29120,29130,29121,29131),
(29109,29119,29110,29120),
(29098,29108,29099,29109),
(29087,29097,29088,29098),
(29076,29086,29077,29087),
(29065,29075,29066,29076),
(29054,29064,29055,29065),
(29043,29053,29044,29054),
(29032,29042,29033,29043),
(29021,29031,29022,29032),
(29010,29020,29011,29021),
(28999,29009,29000,29010),
(28988,28998,28989,28999),
(28977,28987,28978,28988),
(28966,28976,28967,28977),
(28955,28965,28956,28966),
(28944,28954,28945,28955),
(28933,28943,28934,28944),
(28922,28932,28923,28933),
(28911,28921,28912,28922),
(28900,28910,28901,28911),
(28889,28899,28890,28900),
(28878,28888,28879,28889),
(28867,28877,28868,28878),
(28856,28866,28857,28867),
(28845,28855,28846,28856),
(28834,28844,28835,28845),
(28823,28833,28824,28834),
(28812,28822,28813,28823),
(28801,28811,28802,28812),
(28790,28800,28791,28801),
(28779,28789,28780,28790),
(28768,28778,28769,28779),
(28757,28767,28758,28768),
(28746,28756,28747,28757),
(28735,28745,28736,28746),
(28724,28734,28725,28735),
(28713,28723,28714,28724),
(28702,28712,28703,28713),
(28691,28701,28692,28702),
(28680,28690,28681,28691),
(28669,28679,28670,28680),
(28658,28668,28659,28669),
(28647,28657,28648,28658),
(28636,28646,28637,28647),
(28625,28635,28626,28636),
(28614,28624,28615,28625),
(28603,28613,28604,28614),
(28592,28602,28593,28603),
(28581,28591,28582,28592),
(28570,28580,28571,28581),
(28559,28569,28560,28570),
(28548,28558,28549,28559),
(28537,28547,28538,28548),
(28526,28536,28527,28537),
(28515,28525,28516,28526),
(28504,28514,28505,28515),
(28493,28503,28494,28504),
(28482,28492,28483,28493),
(28471,28481,28472,28482),
(28460,28470,28461,28471),
(28449,28459,28450,28460),
(28438,28448,28439,28449),
(28427,28437,28428,28438),
(28416,28426,28417,28427),
(28405,28415,28406,28416),
(28394,28404,28395,28405),
(28383,28393,28384,28394),
(28372,28382,28373,28383),
(28361,28371,28362,28372),
(28350,28360,28351,28361),
(28339,28349,28340,28350),
(28328,28338,28329,28339),
(28317,28327,28318,28328),
(28306,28316,28307,28317),
(28295,28305,28296,28306),
(28284,28294,28285,28295),
(28273,28283,28274,28284),
(28262,28272,28263,28273),
(28251,28261,28252,28262),
(28240,28250,28241,28251),
(28229,28239,28230,28240),
(28218,28228,28219,28229),
(28207,28217,28208,28218),
(28196,28206,28197,28207),
(28185,28195,28186,28196),
(28174,28184,28175,28185),
(28163,28173,28164,28174),
(28152,28162,28153,28163),
(28141,28151,28142,28152),
(28130,28140,28131,28141),
(28119,28129,28120,28130),
(28108,28118,28109,28119),
(28097,28107,28098,28108),
(28086,28096,28087,28097),
(28075,28085,28076,28086),
(28064,28074,28065,28075),
(28053,28063,28054,28064),
(28042,28052,28043,28053),
(28031,28041,28032,28042),
(28020,28030,28021,28031),
(28009,28019,28010,28020),
(27998,28008,27999,28009),
(27987,27997,27988,27998),
(27976,27986,27977,27987),
(27965,27975,27966,27976),
(27954,27964,27955,27965),
(27943,27953,27944,27954),
(27932,27942,27933,27943),
(27921,27931,27922,27932),
(27910,27920,27911,27921),
(27899,27909,27900,27910),
(27888,27898,27889,27899),
(27877,27887,27878,27888),
(27866,27876,27867,27877),
(27855,27865,27856,27866),
(27844,27854,27845,27855),
(27833,27843,27834,27844),
(27822,27832,27823,27833),
(27811,27821,27812,27822),
(27800,27810,27801,27811),
(27789,27799,27790,27800),
(27778,27788,27779,27789),
(27767,27777,27768,27778),
(27756,27766,27757,27767),
(27745,27755,27746,27756),
(27734,27744,27735,27745),
(27723,27733,27724,27734),
(27712,27722,27713,27723),
(27701,27711,27702,27712),
(27690,27700,27691,27701),
(27679,27689,27680,27690),
(27668,27678,27669,27679),
(27657,27667,27658,27668),
(27646,27656,27647,27657),
(27635,27645,27636,27646),
(27624,27634,27625,27635),
(27613,27623,27614,27624),
(27602,27612,27603,27613),
(27591,27601,27592,27602),
(27583,27590,6267,6274),
(27574,27582,27575,27583),
(27563,27573,27564,27574),
(27552,27562,27553,27563),
(27541,27551,27542,27552),
(27530,27540,27531,27541),
(27519,27529,27520,27530),
(27508,27518,27509,27519),
(27497,27507,27498,27508),
(27486,27496,27487,27497),
(27475,27485,27476,27486),
(27464,27474,27465,27475),
(27453,27463,27454,27464),
(27442,27452,27443,27453),
(27431,27441,27432,27442),
(27420,27430,27421,27431),
(27409,27419,27410,27420),
(27398,27408,27399,27409),
(27387,27397,27388,27398),
(27376,27386,27377,27387),
(27365,27375,27366,27376),
(27354,27364,27355,27365),
(27343,27353,27344,27354),
(27332,27342,27333,27343),
(27321,27331,27322,27332),
(27310,27320,27311,27321),
(27299,27309,27300,27310),
(27288,27298,27289,27299),
(27277,27287,27278,27288),
(27266,27276,27267,27277),
(27255,27265,29782,29792),
(27244,27254,27245,27255),
(27233,27243,27234,27244),
(27222,27232,27223,27233),
(27211,27221,27212,27222),
(27200,27210,27201,27211),
(27189,27199,27190,27200),
(27178,27188,27179,27189),
(27167,27177,27168,27178),
(27156,27166,27157,27167),
(27145,27155,27146,27156),
(27134,27144,27135,27145),
(27123,27133,27124,27134),
(27112,27122,27113,27123),
(27101,27111,27102,27112),
(27090,27100,27091,27101),
(27079,27089,27080,27090),
(27068,27078,27069,27079),
(27057,27067,27058,27068),
(27046,27056,27047,27057),
(27035,27045,27036,27046),
(27024,27034,27025,27035),
(27013,27023,27014,27024),
(27002,27012,27003,27013),
(26991,27001,26992,27002),
(26980,26990,26981,26991),
(26969,26979,26970,26980),
(26958,26968,26959,26969),
(26947,26957,26948,26958),
(26936,26946,26937,26947),
(26925,26935,26926,26936),
(26914,26924,26915,26925),
(26903,26913,26904,26914),
(26892,26902,26893,26903),
(26881,26891,26882,26892),
(26870,26880,26871,26881),
(26859,26869,26860,26870),
(26848,26858,26849,26859),
(26837,26847,26838,26848),
(26826,26836,26827,26837),
(26815,26825,26816,26826),
(26804,26814,26805,26815),
(26793,26803,26794,26804),
(26782,26792,26783,26793),
(26771,26781,26772,26782),
(26760,26770,26761,26771),
(26749,26759,26750,26760),
(26738,26748,26739,26749),
(26727,26737,26728,26738),
(26716,26726,26717,26727),
(26705,26715,26706,26716),
(26694,26704,26695,26705),
(26683,26693,26684,26694),
(26672,26682,26673,26683),
(26661,26671,26662,26672),
(26650,26660,26651,26661),
(26639,26649,26640,26650),
(26628,26638,26629,26639),
(26617,26627,26618,26628),
(26606,26616,26607,26617),
(26595,26605,26596,26606),
(26584,26594,26585,26595),
(26573,26583,26574,26584),
(26562,26572,26563,26573),
(26551,26561,26552,26562),
(26540,26550,26541,26551),
(26529,26539,26530,26540),
(26518,26528,26519,26529),
(26507,26517,26508,26518),
(26496,26506,26497,26507),
(26485,26495,26486,26496),
(26474,26484,26475,26485),
(26463,26473,26464,26474),
(26452,26462,26453,26463),
(26441,26451,26442,26452),
(26430,26440,26431,26441),
(26419,26429,26420,26430),
(26408,26418,26409,26419),
(26397,26407,26398,26408),
(26386,26396,26387,26397),
(26375,26385,26376,26386),
(26364,26374,26365,26375),
(26353,26363,26354,26364),
(26342,26352,26343,26353),
(26331,26341,26332,26342),
(26320,26330,26321,26331),
(26309,26319,26310,26320),
(26298,26308,26299,26309),
(26287,26297,26288,26298),
(26276,26286,26277,26287),
(26265,26275,26266,26276),
(26254,26264,26255,26265),
(26243,26253,26244,26254),
(26232,26242,26233,26243),
(26221,26231,26222,26232),
(26210,26220,26211,26221),
(26199,26209,26200,26210),
(26188,26198,26189,26199),
(26177,26187,26178,26188),
(26166,26176,26167,26177),
(26155,26165,26156,26166),
(26144,26154,26145,26155),
(26133,26143,26134,26144),
(26122,26132,26123,26133),
(26111,26121,26112,26122),
(26100,26110,26101,26111),
(26089,26099,26090,26100),
(26078,26088,26079,26089),
(26067,26077,26068,26078),
(26056,26066,26057,26067),
(26045,26055,26046,26056),
(26034,26044,26035,26045),
(26023,26033,26024,26034),
(26012,26022,26013,26023),
(26001,26011,26002,26012),
(25990,26000,25991,26001),
(25979,25989,25980,25990),
(25968,25978,25969,25979),
(25957,25967,25958,25968),
(25946,25956,25947,25957),
(25935,25945,25936,25946),
(25924,25934,25925,25935),
(25913,25923,25914,25924),
(25902,25912,25903,25913),
(25891,25901,25892,25902),
(25880,25890,25881,25891),
(25869,25879,25870,25880),
(25858,25868,25859,25869),
(25847,25857,25848,25858),
(25836,25846,25837,25847),
(25825,25835,25826,25836),
(25814,25824,25815,25825),
(25803,25813,25804,25814),
(25792,25802,25793,25803),
(25781,25791,25782,25792),
(25770,25780,25771,25781),
(25759,25769,25760,25770),
(25748,25758,25749,25759),
(25737,25747,25738,25748),
(25726,25736,25727,25737),
(25715,25725,25716,25726),
(25704,25714,25705,25715),
(25693,25703,25694,25704),
(25682,25692,25683,25693),
(25671,25681,25672,25682),
(25660,25670,25661,25671),
(25649,25659,25650,25660),
(25638,25648,25639,25649),
(25627,25637,25628,25638),
(25616,25626,25617,25627),
(25605,25615,25606,25616),
(25594,25604,25595,25605),
(25583,25593,25584,25594),
(25572,25582,25573,25583),
(25561,25571,25562,25572),
(25550,25560,25551,25561),
(25539,25549,25540,25550),
(25528,25538,25529,25539),
(25517,25527,25518,25528),
(25506,25516,25507,25517),
(25495,25505,25496,25506),
(25484,25494,25485,25495),
(25473,25483,25474,25484),
(25462,25472,25463,25473),
(25451,25461,25452,25462),
(25440,25450,25441,25451),
(25429,25439,25430,25440),
(25418,25428,25419,25429),
(25407,25417,25408,25418),
(25396,25406,25397,25407),
(25385,25395,25386,25396),
(25374,25384,25375,25385),
(25363,25373,25364,25374),
(25352,25362,25353,25363),
(25341,25351,25342,25352),
(25330,25340,25331,25341),
(25319,25329,25320,25330),
(25308,25318,25309,25319),
(25297,25307,25298,25308),
(25286,25296,25287,25297),
(25275,25285,25276,25286),
(25264,25274,25265,25275),
(25253,25263,25254,25264),
(25242,25252,25243,25253),
(25231,25241,25232,25242),
(25220,25230,25221,25231),
(25209,25219,25210,25220),
(25198,25208,25199,25209),
(25187,25197,25188,25198),
(25176,25186,25177,25187),
(25165,25175,25166,25176),
(25154,25164,25155,25165),
(25143,25153,25144,25154),
(25132,25142,25133,25143),
(25121,25131,25122,25132),
(25110,25120,25111,25121),
(25099,25109,25100,25110),
(25088,25098,25089,25099),
(25077,25087,25078,25088),
(25066,25076,25067,25077),
(25055,25065,25056,25066),
(25044,25054,25045,25055),
(25033,25043,25034,25044),
(25022,25032,25023,25033),
(25011,25021,25012,25022),
(25000,25010,25001,25011),
(24989,24999,24990,25000),
(24978,24988,24979,24989),
(24967,24977,24968,24978),
(24956,24966,24957,24967),
(24945,24955,24946,24956),
(24934,24944,24935,24945),
(24923,24933,24924,24934),
(24912,24922,24913,24923),
(24901,24911,24902,24912),
(24890,24900,24891,24901),
(24879,24889,24880,24890),
(24868,24878,24869,24879),
(24857,24867,24858,24868),
(24846,24856,24847,24857),
(24835,24845,24836,24846),
(24824,24834,24825,24835),
(24813,24823,24814,24824),
(24802,24812,24803,24813),
(24791,24801,24792,24802),
(24780,24790,24781,24791),
(24769,24779,24770,24780),
(24758,24768,24759,24769),
(24747,24757,24748,24758),
(24736,24746,24737,24747),
(24725,24735,24726,24736),
(24714,24724,24715,24725),
(24703,24713,24704,24714),
(24692,24702,24693,24703),
(24681,24691,24682,24692),
(24670,24680,24671,24681),
(24659,24669,24660,24670),
(24648,24658,24649,24659),
(24637,24647,24638,24648),
(24626,24636,24627,24637),
(24615,24625,24616,24626),
(24604,24614,24605,24615),
(24593,24603,24594,24604),
(24582,24592,24583,24593),
(24571,24581,24572,24582),
(24560,24570,24561,24571),
(24549,24559,24550,24560),
(24538,24548,24539,24549),
(24527,24537,24528,24538),
(24516,24526,24517,24527),
(24505,24515,24506,24516),
(24494,24504,24495,24505),
(24483,24493,24484,24494),
(24472,24482,24473,24483),
(24461,24471,24462,24472),
(24450,24460,24451,24461),
(24439,24449,24440,24450),
(24428,24438,24429,24439),
(24417,24427,24418,24428),
(24406,24416,24407,24417),
(24395,24405,24396,24406),
(24384,24394,24385,24395),
(24373,24383,24374,24384),
(24362,24372,24363,24373),
(24351,24361,24352,24362),
(24340,24350,24341,24351),
(24329,24339,24330,24340),
(24318,24328,24319,24329),
(24307,24317,24308,24318),
(24296,24306,24297,24307),
(24285,24295,24286,24296),
(24274,24284,24275,24285),
(24263,24273,24264,24274),
(24252,24262,24253,24263),
(24241,24251,24242,24252),
(24230,24240,24231,24241),
(24219,24229,24220,24230),
(24208,24218,24209,24219),
(24197,24207,24198,24208),
(24186,24196,24187,24197),
(24175,24185,24176,24186),
(24164,24174,24165,24175),
(24153,24163,24154,24164),
(24142,24152,24143,24153),
(24131,24141,24132,24142),
(24120,24130,24121,24131),
(24109,24119,24110,24120),
(24098,24108,24099,24109),
(24087,24097,24088,24098),
(24076,24086,24077,24087),
(24065,24075,24066,24076),
(24054,24064,24055,24065),
(24043,24053,24044,24054),
(24032,24042,24033,24043),
(24021,24031,24022,24032),
(24010,24020,24011,24021),
(23999,24009,24000,24010),
(23988,23998,23989,23999),
(23977,23987,23978,23988),
(23966,23976,23967,23977),
(23955,23965,23956,23966),
(23944,23954,23945,23955),
(23933,23943,23934,23944),
(23922,23932,23923,23933),
(23911,23921,23912,23922),
(23900,23910,23901,23911),
(23889,23899,23890,23900),
(23878,23888,23879,23889),
(23867,23877,23868,23878),
(23856,23866,23857,23867),
(23845,23855,23846,23856),
(23834,23844,23835,23845),
(23823,23833,23824,23834),
(23812,23822,23813,23823),
(23801,23811,23802,23812),
(23790,23800,23791,23801),
(23779,23789,23780,23790),
(23768,23778,23769,23779),
(23757,23767,23758,23768),
(23746,23756,23747,23757),
(23735,23745,23736,23746),
(23724,23734,23725,23735),
(23713,23723,23714,23724),
(23702,23712,23703,23713),
(23691,23701,23692,23702),
(23680,23690,23681,23691),
(23669,23679,23670,23680),
(23658,23668,23659,23669),
(23647,23657,23648,23658),
(23636,23646,23637,23647),
(23625,23635,23626,23636),
(23614,23624,23615,23625),
(23603,23613,23604,23614),
(23592,23602,23593,23603),
(23581,23591,23582,23592),
(23570,23580,23571,23581),
(23559,23569,23560,23570),
(23548,23558,23549,23559),
(23537,23547,23538,23548),
(23526,23536,23527,23537),
(23515,23525,23516,23526),
(23504,23514,23505,23515),
(23493,23503,23494,23504),
(23482,23492,23483,23493),
(23471,23481,23472,23482),
(23460,23470,23461,23471),
(23449,23459,23450,23460),
(23438,23448,23439,23449),
(23427,23437,23428,23438),
(23416,23426,23417,23427),
(23405,23415,23406,23416),
(23394,23404,23395,23405),
(23383,23393,23384,23394),
(23372,23382,23373,23383),
(23361,23371,23362,23372),
(23350,23360,23351,23361),
(23339,23349,23340,23350),
(23328,23338,23329,23339),
(23317,23327,23318,23328),
(23306,23316,23307,23317),
(23295,23305,23296,23306),
(23284,23294,23285,23295),
(23273,23283,23274,23284),
(23262,23272,23263,23273),
(23251,23261,23252,23262),
(23240,23250,23241,23251),
(23229,23239,23230,23240),
(23218,23228,23219,23229),
(23207,23217,23208,23218),
(23196,23206,23197,23207),
(23185,23195,23186,23196),
(23174,23184,23175,23185),
(23163,23173,23164,23174),
(23152,23162,23153,23163),
(23141,23151,23142,23152),
(23130,23140,23131,23141),
(23119,23129,23120,23130),
(23108,23118,23109,23119),
(23097,23107,23098,23108),
(23086,23096,23087,23097),
(23075,23085,23076,23086),
(23064,23074,23065,23075),
(23053,23063,23054,23064),
(23042,23052,23043,23053),
(23031,23041,23032,23042),
(23020,23030,23021,23031),
(23009,23019,6810,6820),
(22998,23008,6821,6831),
(22987,22997,22988,22998),
(22976,22986,22977,22987),
(22965,22975,22966,22976),
(22954,22964,22955,22965),
(22943,22953,22944,22954),
(22932,22942,22933,22943),
(22921,22931,22922,22932),
(22910,22920,6909,6919),
(22899,22909,22900,22910),
(22888,22898,22889,22899),
(22877,22887,22878,22888),
(22866,22876,22867,22877),
(22855,22865,22856,22866),
(22844,22854,6975,6985),
(22833,22843,6986,6996),
(22822,22832,6997,7007),
(22811,22821,22813,22823),
(22800,22810,22802,22812),
(22789,22799,7030,7040),
(22778,22788,22780,22790),
(22767,22777,22769,22779),
(22756,22766,22758,22768),
(22745,22755,22747,22757),
(22734,22744,7085,7095),
(22723,22733,22725,22735),
(22712,22722,22714,22724),
(22701,22711,7118,7128),
(22690,22700,22692,22702),
(22679,22689,22681,22691),
(22668,22678,22670,22680),
(22657,22667,22659,22669),
(22646,22656,22648,22658),
(22635,22645,22637,22647),
(22624,22634,7195,7205),
(22613,22623,7206,7216),
(22602,22612,7217,7227),
(22591,22601,22594,22604),
(22580,22590,7239,7249),
(22569,22579,22572,22582),
(22558,22568,7261,7271),
(22547,22557,7272,7282),
(22536,22546,22535,22545),
(22525,22535,22524,22534),
(22514,22524,7305,7315),
(22503,22513,7316,7326),
(22492,22502,7327,7337),
(22481,22491,22480,22490),
(22470,22480,7349,7359),
(22459,22469,7360,7370),
(22448,22458,7371,7381),
(22437,22447,22436,22446),
(22426,22436,7393,7403),
(22415,22425,7404,7414),
(22404,22414,22403,22413),
(22393,22403,7426,7436),
(22382,22392,7437,7447),
(22371,22381,22369,22379),
(22360,22370,7459,7469),
(22349,22359,7470,7480),
(22338,22348,22336,22346),
(22327,22337,7492,7502),
(22316,22326,7503,7513),
(22305,22315,7514,7524),
(22294,22304,22294,22304),
(22283,22293,22283,22293),
(22272,22282,7547,7557),
(22261,22271,7558,7568),
(22250,22260,7569,7579),
(22239,22249,22239,22249),
(22228,22238,22228,22238),
(22217,22227,7602,7612),
(22206,22216,7613,7623),
(22195,22205,7624,7634),
(22184,22194,7635,7645),
(22173,22183,7646,7656),
(22162,22172,7657,7667),
(22151,22161,7668,7678),
(22140,22150,22134,22144),
(22129,22139,22123,22133),
(22118,22128,7701,7711),
(22107,22117,7712,7722),
(22096,22106,7723,7733),
(22085,22095,22079,22089),
(22074,22084,22068,22078),
(22063,22073,22057,22067),
(22052,22062,22046,22056),
(22041,22051,7778,7788),
(22030,22040,7789,7799),
(22019,22029,22013,22023),
(22008,22018,22002,22012),
(21997,22007,21991,22001),
(21986,21996,21980,21990),
(21975,21985,7844,7854),
(21964,21974,20193,20203),
(21953,21963,7866,7876),
(21942,21952,7877,7887),
(21931,21941,7888,7898),
(21920,21930,7899,7909),
(21909,21919,7910,7920),
(21898,21908,7921,7931),
(21887,21897,7932,7942),
(21876,21886,7943,7953),
(21865,21875,21859,21869),
(21854,21864,7965,7975),
(21843,21853,7976,7986),
(21832,21842,7987,7997),
(21821,21831,7998,8008),
(21810,21820,8009,8019),
(21799,21809,8020,8030),
(21788,21798,21782,21792),
(21777,21787,21771,21781),
(21766,21776,8053,8063),
(21755,21765,8064,8074),
(21744,21754,8075,8085),
(21733,21743,8086,8096),
(21722,21732,8097,8107),
(21711,21721,21705,21715),
(21700,21710,8119,8129),
(21689,21699,21683,21693),
(21678,21688,8141,8151),
(21667,21677,8152,8162),
(21656,21666,8163,8173),
(21645,21655,8174,8184),
(21634,21644,21628,21638),
(21623,21633,8196,8206),
(21612,21622,21606,21616),
(21601,21611,8218,8228),
(21590,21600,8229,8239),
(21579,21589,8240,8250),
(21568,21578,8251,8261),
(21557,21567,8262,8272),
(21546,21556,8273,8283),
(21535,21545,8284,8294),
(21524,21534,8295,8305),
(21513,21523,8306,8316),
(21502,21512,11139,11149),
(21491,21501,8328,8338),
(21480,21490,8339,8349),
(21469,21479,8350,8360),
(21458,21468,8361,8371),
(21447,21457,8372,8382),
(21436,21446,8383,8393),
(21425,21435,8394,8404),
(21414,21424,8405,8415),
(21403,21413,8416,8426),
(21392,21402,8427,8437),
(21381,21391,8438,8448),
(21370,21380,8449,8459),
(21359,21369,8460,8470),
(21348,21358,8471,8481),
(21337,21347,8482,8492),
(21326,21336,5677,5687),
(21315,21325,8504,8514),
(21304,21314,8515,8525),
(21293,21303,8526,8536),
(21282,21292,8537,8547),
(21271,21281,8548,8558),
(21260,21270,8559,8569),
(21249,21259,8570,8580),
(21238,21248,8581,8591),
(21227,21237,8592,8602),
(21216,21226,8603,8613),
(21205,21215,8614,8624),
(21194,21204,8625,8635),
(21183,21193,8636,8646),
(21172,21182,8647,8657),
(21161,21171,8658,8668),
(21150,21160,8669,8679),
(21139,21149,8680,8690),
(21128,21138,8691,8701),
(21117,21127,8702,8712),
(21106,21116,8713,8723),
(21095,21105,8724,8734),
(21084,21094,8735,8745),
(21073,21083,8746,8756),
(21062,21072,8757,8767),
(21051,21061,8768,8778),
(21040,21050,8779,8789),
(21029,21039,8790,8800),
(21018,21028,8801,8811),
(21007,21017,8812,8822),
(20996,21006,8823,8833),
(20985,20995,8834,8844),
(20974,20984,8845,8855),
(20963,20973,8856,8866),
(20952,20962,8867,8877),
(20941,20951,8878,8888),
(20930,20940,8889,8899),
(20919,20929,8900,8910),
(20908,20918,8911,8921),
(20897,20907,8922,8932),
(20886,20896,8933,8943),
(20875,20885,8944,8954),
(20864,20874,8955,8965),
(20853,20863,8966,8976),
(20842,20852,8977,8987),
(20831,20841,8988,8998),
(20820,20830,8999,9009),
(20809,20819,9010,9020),
(20798,20808,9021,9031),
(20787,20797,9032,9042),
(20776,20786,9043,9053),
(20765,20775,9054,9064),
(20754,20764,9065,9075),
(20743,20753,9076,9086),
(20732,20742,9087,9097),
(20721,20731,9098,9108),
(20710,20720,9109,9119),
(20699,20709,9120,9130),
(20688,20698,9131,9141),
(20677,20687,9142,9152),
(20666,20676,9153,9163),
(20655,20665,9164,9174),
(20644,20654,9175,9185),
(20633,20643,9186,9196),
(20622,20632,9197,9207),
(20611,20621,9208,9218),
(20600,20610,17327,17337),
(20589,20599,9230,9240),
(20578,20588,9241,9251),
(20567,20577,9252,9262),
(20556,20566,9263,9273),
(20545,20555,9274,9284),
(20534,20544,9285,9295),
(20523,20533,9296,9306),
(20512,20522,9307,9317),
(20501,20511,9318,9328),
(20490,20500,9329,9339),
(20479,20489,9340,9350),
(20468,20478,9351,9361),
(20457,20467,9362,9372),
(20446,20456,9373,9383),
(20435,20445,9384,9394),
(20424,20434,9395,9405),
(20413,20423,9406,9416),
(20402,20412,9417,9427),
(20391,20401,9428,9438),
(20380,20390,9439,9449),
(20369,20379,9450,9460),
(20358,20368,9461,9471),
(20347,20357,9472,9482),
(20336,20346,9483,9493),
(20325,20335,9494,9504),
(20314,20324,9505,9515),
(20303,20313,9516,9526),
(20292,20302,9527,9537),
(20281,20291,9538,9548),
(20270,20280,9549,9559),
(20259,20269,9560,9570),
(20248,20258,9571,9581),
(20237,20247,9582,9592),
(20226,20236,9593,9603),
(20215,20225,9604,9614),
(20204,20214,9615,9625),
(20193,20203,9626,9636),
(20182,20192,9637,9647),
(20171,20181,9648,9658),
(20160,20170,9659,9669),
(20149,20159,16594,16604),
(20138,20148,9681,9691),
(20127,20137,9692,9702),
(20116,20126,9703,9713),
(20105,20115,9714,9724),
(20094,20104,9725,9735),
(20083,20093,9736,9746),
(20072,20082,9747,9757),
(20061,20071,9758,9768),
(20050,20060,9769,9779),
(20039,20049,9780,9790),
(20028,20038,9791,9801),
(20017,20027,9802,9812),
(20006,20016,9813,9823),
(19995,20005,9824,9834),
(19984,19994,9835,9845),
(19973,19983,9846,9856),
(19962,19972,9857,9867),
(19951,19961,9868,9878),
(19940,19950,9879,9889),
(19929,19939,9890,9900),
(19918,19928,9901,9911),
(19907,19917,9912,9922),
(19896,19906,9923,9933),
(19885,19895,9934,9944),
(19874,19884,9945,9955),
(19863,19873,9956,9966),
(19852,19862,9967,9977),
(19841,19851,9978,9988),
(19830,19840,9989,9999),
(19819,19829,10000,10010),
(19808,19818,10011,10021),
(19797,19807,13659,13669),
(19786,19796,10033,10043),
(19775,19785,10044,10054),
(19764,19774,10055,10065),
(19753,19763,10066,10076),
(19742,19752,10077,10087),
(19731,19741,10088,10098),
(19720,19730,10099,10109),
(19709,19719,10110,10120),
(19698,19708,10121,10131),
(19687,19697,10132,10142),
(19679,19686,11784,11791),
(19668,19678,10151,10161),
(19657,19667,10162,10172),
(19646,19656,10173,10183),
(19635,19645,10184,10194),
(19624,19634,10195,10205),
(19613,19623,10206,10216),
(19602,19612,10217,10227),
(19591,19601,10228,10238),
(19580,19590,10239,10249),
(19569,19579,10250,10260),
(19558,19568,10261,10271),
(19547,19557,10272,10282),
(19536,19546,10283,10293),
(19525,19535,10294,10304),
(19514,19524,10305,10315),
(19503,19513,10316,10326),
(19492,19502,10327,10337),
(19481,19491,10338,10348),
(19470,19480,10349,10359),
(19459,19469,10360,10370),
(19448,19458,10371,10381),
(19437,19447,10382,10392),
(19426,19436,10393,10403),
(19415,19425,10404,10414),
(19404,19414,10415,10425),
(19393,19403,10426,10436),
(19382,19392,10437,10447),
(19371,19381,10448,10458),
(19360,19370,10459,10469),
(19349,19359,20968,20978),
(19338,19348,10481,10491),
(19327,19337,10492,10502),
(19316,19326,10503,10513),
(19305,19315,10514,10524),
(19294,19304,10525,10535),
(19283,19293,10536,10546),
(19272,19282,10547,10557),
(19261,19271,10558,10568),
(19250,19260,10569,10579),
(19239,19249,10580,10590),
(19228,19238,10591,10601),
(19217,19227,10602,10612),
(19206,19216,10613,10623),
(19195,19205,10624,10634),
(19184,19194,10635,10645),
(19173,19183,10646,10656),
(19162,19172,10657,10667),
(19151,19161,10668,10678),
(19140,19150,10679,10689),
(19129,19139,10690,10700),
(19118,19128,10701,10711),
(19107,19117,10712,10722),
(19096,19106,10723,10733),
(19085,19095,10734,10744),
(19074,19084,10745,10755),
(19063,19073,10756,10766),
(19052,19062,10767,10777),
(19041,19051,10778,10788),
(19030,19040,10789,10799),
(19019,19029,10800,10810),
(19008,19018,10811,10821),
(18997,19007,10822,10832),
(18986,18996,10833,10843),
(18975,18985,10844,10854),
(18964,18974,10855,10865),
(18953,18963,10866,10876),
(18942,18952,10877,10887),
(18931,18941,10888,10898),
(18920,18930,10899,10909),
(18909,18919,10910,10920),
(18898,18908,10921,10931),
(18887,18897,10932,10942),
(18876,18886,10943,10953),
(18865,18875,10954,10964),
(18854,18864,10965,10975),
(18843,18853,10976,10986),
(18832,18842,10987,10997),
(18821,18831,10998,11008),
(18810,18820,11009,11019),
(18799,18809,11020,11030),
(18788,18798,11031,11041),
(18777,18787,11042,11052),
(18766,18776,29363,29373),
(18755,18765,11064,11074),
(18744,18754,11075,11085),
(18733,18743,11086,11096),
(18722,18732,11097,11107),
(18711,18721,11108,11118),
(18700,18710,11119,11129),
(18689,18699,11130,11140),
(18678,18688,11141,11151),
(18667,18677,11152,11162),
(18656,18666,3233,3243),
(18645,18655,13769,13779),
(18634,18644,11185,11195),
(18623,18633,11196,11206),
(18612,18622,11207,11217),
(18601,18611,11218,11228),
(18590,18600,11229,11239),
(18579,18589,11240,11250),
(18568,18578,11251,11261),
(18557,18567,11262,11272),
(18546,18556,11273,11283),
(18535,18545,11284,11294),
(18524,18534,11295,11305),
(18513,18523,11306,11316),
(18502,18512,11317,11327),
(18491,18501,11328,11338),
(18480,18490,11339,11349),
(18469,18479,11350,11360),
(18458,18468,11361,11371),
(18447,18457,11372,11382),
(18436,18446,11383,11393),
(18425,18435,11394,11404),
(18414,18424,26447,26457),
(18403,18413,26436,26446),
(18392,18402,26425,26435),
(18381,18391,26414,26424),
(18370,18380,26403,26413),
(18359,18369,11460,11470),
(18348,18358,26381,26391),
(18337,18347,11482,11492),
(18326,18336,26359,26369),
(18315,18325,26348,26358),
(18304,18314,11515,11525),
(18293,18303,26326,26336),
(18282,18292,26315,26325),
(18271,18281,11548,11558),
(18260,18270,11559,11569),
(18249,18259,11570,11580),
(18238,18248,11581,11591),
(18227,18237,11592,11602),
(18216,18226,26249,26259),
(18205,18215,26238,26248),
(18194,18204,26227,26237),
(18183,18193,26216,26226),
(18172,18182,11647,11657),
(18161,18171,26194,26204),
(18150,18160,11669,11679),
(18139,18149,11680,11690),
(18128,18138,26161,26171),
(18117,18127,26150,26160),
(18106,18116,11713,11723),
(18095,18105,11724,11734),
(18084,18094,11735,11745),
(18073,18083,11746,11756),
(18062,18072,11757,11767),
(18051,18061,26084,26094),
(18040,18050,26073,26083),
(18029,18039,26062,26072),
(18018,18028,26051,26061),
(18007,18017,26040,26050),
(17996,18006,11823,11833),
(17985,17995,11834,11844),
(17974,17984,26008,26018),
(17963,17973,11856,11866),
(17952,17962,25986,25996),
(17941,17951,25975,25985),
(17930,17940,25964,25974),
(17919,17929,25953,25963),
(17908,17918,11911,11921),
(17897,17907,25059,25069),
(17886,17896,11933,11943),
(17875,17885,25909,25919),
(17864,17874,11955,11965),
(17853,17863,25887,25897),
(17842,17852,25876,25886),
(17831,17841,11988,11998),
(17820,17830,25854,25864),
(17809,17819,25843,25853),
(17798,17808,12021,12031),
(17787,17797,12032,12042),
(17776,17786,12043,12053),
(17765,17775,25799,25809),
(17754,17764,12065,12075),
(17743,17753,29355,29365),
(17732,17742,25766,25776),
(17721,17731,25755,25765),
(17710,17720,25744,25754),
(17699,17709,12120,12130),
(17688,17698,25722,25732),
(17677,17687,12142,12152),
(17666,17676,25700,25710),
(17655,17665,12164,12174),
(17644,17654,25678,25688),
(17633,17643,25667,25677),
(17622,17632,12197,12207),
(17611,17621,3344,3354),
(17600,17610,26496,26506),
(17589,17599,3322,3332),
(17578,17588,3311,3321),
(17567,17577,3300,3310),
(17556,17566,12263,12273),
(17545,17555,3278,3288),
(17534,17544,3267,3277),
(17523,17533,12296,12306),
(17512,17522,3245,3255),
(17501,17511,26595,26605),
(17490,17500,3223,3233),
(17479,17489,3212,3222),
(17468,17478,3201,3211),
(17457,17467,3190,3200),
(17446,17456,3179,3189),
(17435,17445,12384,12394),
(17424,17434,12395,12405),
(17413,17423,12406,12416),
(17402,17412,3135,3145),
(17391,17401,3124,3134),
(17380,17390,3113,3123),
(17369,17379,12450,12460),
(17358,17368,3091,3101),
(17347,17357,3080,3090),
(17336,17346,12483,12493),
(17325,17335,3058,3068),
(17314,17324,3047,3057),
(17303,17313,12516,12526),
(17292,17302,12527,12537),
(17281,17291,12538,12548),
(17270,17280,12549,12559),
(17259,17269,2994,3004),
(17248,17258,2983,2993),
(17237,17247,2972,2982),
(17226,17236,2961,2971),
(17215,17225,2950,2960),
(17204,17214,12615,12625),
(17193,17203,2932,2942),
(17182,17192,12637,12647),
(17171,17181,2910,2920),
(17160,17170,2899,2909),
(17149,17159,2888,2898),
(17138,17148,26949,26959),
(17127,17137,12692,12702),
(17116,17126,12703,12713),
(17105,17115,12714,12724),
(17094,17104,4894,4904),
(17083,17093,2822,2832),
(17072,17082,12747,12757),
(17061,17071,2800,2810),
(17050,17060,2789,2799),
(17039,17049,12780,12790),
(17028,17038,2767,2777),
(17017,17027,2756,2766),
(17006,17016,27081,27091),
(16995,17005,2734,2744),
(16984,16994,2723,2733),
(16973,16983,2712,2722),
(16962,16972,2701,2711),
(16951,16961,2690,2700),
(16940,16950,2679,2689),
(16929,16939,2668,2678),
(16918,16928,2657,2667),
(16907,16917,2646,2656),
(16896,16906,2635,2645),
(16885,16895,2624,2634),
(16874,16884,2613,2623),
(16863,16873,27227,27237),
(16852,16862,12967,12977),
(16841,16851,27246,27256),
(16830,16840,27257,27267),
(16819,16829,13000,13010),
(16808,16818,13011,13021),
(16797,16807,2536,2546),
(16786,16796,2525,2535),
(16775,16785,13044,13054),
(16764,16774,2503,2513),
(16753,16763,2492,2502),
(16742,16752,2481,2491),
(16731,16741,2470,2480),
(16720,16730,13099,13109),
(16709,16719,2448,2458),
(16698,16708,2437,2447),
(16687,16697,29800,29810),
(16676,16686,2415,2425),
(16665,16675,2404,2414),
(16654,16664,13165,13175),
(16643,16653,2382,2392),
(16632,16642,2371,2381),
(16621,16631,13198,13208),
(16610,16620,2349,2359),
(16599,16609,13220,13230),
(16588,16598,27499,27509),
(16577,16587,13242,13252),
(16566,16576,2305,2315),
(16555,16565,13264,13274),
(16544,16554,2283,2293),
(16533,16543,13286,13296),
(16522,16532,13297,13307),
(16511,16521,13308,13318),
(16500,16510,13319,13329),
(16489,16499,2228,2238),
(16478,16488,27609,27619),
(16467,16477,27620,27630),
(16456,16466,13363,13373),
(16445,16455,2184,2194),
(16434,16444,27653,27663),
(16423,16433,2162,2172),
(16412,16422,2151,2161),
(16401,16411,13418,13428),
(16390,16400,2129,2139),
(16379,16389,2118,2128),
(16368,16378,2107,2117),
(16357,16367,28815,28825),
(16346,16356,13473,13483),
(16335,16345,13484,13494),
(16324,16334,13495,13505),
(16313,16323,13506,13516),
(16302,16312,22826,22836),
(16291,16301,13528,13538),
(16280,16290,13539,13549),
(16269,16279,13550,13560),
(16258,16268,13561,13571),
(16247,16257,16902,16912),
(16236,16246,13583,13593),
(16225,16235,13594,13604),
(16214,16224,13605,13615),
(16203,16213,13616,13626),
(16192,16202,13627,13637),
(16181,16191,6206,6216),
(16170,16180,13649,13659),
(16159,16169,13660,13670),
(16148,16158,13671,13681),
(16137,16147,13682,13692),
(16126,16136,13693,13703),
(16115,16125,15841,15851),
(16104,16114,13715,13725),
(16093,16103,13726,13736),
(16082,16092,13737,13747),
(16071,16081,13748,13758),
(16060,16070,13759,13769),
(16049,16059,13770,13780),
(16038,16048,13781,13791),
(16027,16037,13792,13802),
(16016,16026,13803,13813),
(16005,16015,13814,13824),
(15994,16004,13825,13835),
(15983,15993,13836,13846),
(15972,15982,13847,13857),
(15961,15971,13858,13868),
(15950,15960,13869,13879),
(15939,15949,6210,6220),
(15928,15938,13891,13901),
(15917,15927,13902,13912),
(15906,15916,13913,13923),
(15895,15905,13924,13934),
(15884,15894,13935,13945),
(15873,15883,13946,13956),
(15862,15872,13957,13967),
(15851,15861,13968,13978),
(15840,15850,13979,13989),
(15829,15839,13990,14000),
(15818,15828,14001,14011),
(15807,15817,14012,14022),
(15796,15806,14023,14033),
(15785,15795,14034,14044),
(15774,15784,14045,14055),
(15763,15773,14056,14066),
(15752,15762,14067,14077),
(15741,15751,14078,14088),
(15730,15740,14089,14099),
(15719,15729,14100,14110),
(15708,15718,14111,14121),
(15697,15707,14122,14132),
(15686,15696,14133,14143),
(15675,15685,14144,14154),
(15664,15674,14155,14165),
(15653,15663,14166,14176),
(15642,15652,14177,14187),
(15631,15641,14188,14198),
(15620,15630,14199,14209),
(15609,15619,14210,14220),
(15598,15608,14221,14231),
(15587,15597,14232,14242),
(15576,15586,14243,14253),
(15565,15575,14254,14264),
(15554,15564,14265,14275),
(15543,15553,14276,14286),
(15532,15542,14287,14297),
(15521,15531,14298,14308),
(15510,15520,14309,14319),
(15499,15509,14320,14330),
(15488,15498,14331,14341),
(15477,15487,14342,14352),
(15466,15476,14353,14363),
(15455,15465,14364,14374),
(15444,15454,14375,14385),
(15433,15443,14386,14396),
(15422,15432,14397,14407),
(15411,15421,14408,14418),
(15400,15410,14419,14429),
(15389,15399,14430,14440),
(15378,15388,14441,14451),
(15370,15377,5179,5186),
(15359,15369,15762,15772),
(15348,15358,14471,14481),
(15337,15347,14482,14492),
(15326,15336,14493,14503),
(15315,15325,14504,14514),
(15304,15314,14515,14525),
(15293,15303,14526,14536),
(15282,15292,14537,14547),
(15271,15281,14548,14558),
(15260,15270,14559,14569),
(15249,15259,14570,14580),
(15238,15248,14581,14591),
(15227,15237,14592,14602),
(15216,15226,14603,14613),
(15205,15215,14614,14624),
(15194,15204,14625,14635),
(15183,15193,14636,14646),
(15172,15182,14647,14657),
(15161,15171,14658,14668),
(15150,15160,14669,14679),
(15139,15149,14680,14690),
(15128,15138,14691,14701),
(15117,15127,14702,14712),
(15106,15116,14713,14723),
(15095,15105,14724,14734),
(15084,15094,14735,14745),
(15073,15083,14746,14756),
(15062,15072,14757,14767),
(15051,15061,14768,14778),
(15040,15050,14779,14789),
(15029,15039,14790,14800),
(15018,15028,14801,14811),
(15007,15017,14812,14822),
(14996,15006,14823,14833),
(14985,14995,14834,14844),
(14974,14984,17949,17959),
(14963,14973,19024,19034),
(14952,14962,14867,14877),
(14941,14951,14878,14888),
(14930,14940,14889,14899),
(14919,14929,14900,14910),
(14908,14918,14911,14921),
(14897,14907,14922,14932),
(14886,14896,14933,14943),
(14875,14885,14944,14954),
(14864,14874,14955,14965),
(14853,14863,16993,17003),
(14842,14852,15272,15282),
(14831,14841,14988,14998),
(14820,14830,17483,17493),
(14809,14819,21336,21346),
(14798,14808,15021,15031),
(14787,14797,15328,15338),
(14776,14786,15043,15053),
(14765,14775,15054,15064),
(14754,14764,21282,21292),
(14743,14753,15076,15086),
(14732,14742,15087,15097),
(14721,14731,21247,21257),
(14710,14720,21371,21381),
(14699,14709,15120,15130),
(14688,14698,15131,15141),
(14677,14687,15142,15152),
(14666,14676,17630,17640),
(14655,14665,15164,15174),
(14644,14654,17921,17931),
(14633,14643,18989,18999),
(14622,14632,15197,15207),
(14611,14621,15208,15218),
(14600,14610,17558,17568),
(14589,14599,15230,15240),
(14578,14588,17013,17023),
(14567,14577,17844,17854),
(14556,14566,15263,15273),
(14545,14555,21366,21376),
(14534,14544,15285,15295),
(14523,14533,17481,17491),
(14512,14522,15307,15317),
(14501,14511,15318,15328),
(14490,14500,15329,15339),
(14479,14489,15340,15350),
(14468,14478,15351,15361),
(14457,14467,15362,15372),
(14446,14456,18803,18813),
(14435,14445,15384,15394),
(14424,14434,18781,18791),
(14413,14423,17506,17516),
(14402,14412,17360,17370),
(14391,14401,15428,15438),
(14380,14390,15439,15449),
(14369,14379,15450,15460),
(14358,14368,15461,15471),
(14347,14357,15472,15482),
(14336,14346,15483,15493),
(14325,14335,15494,15504),
(14314,14324,15505,15515),
(14303,14313,15516,15526),
(14292,14302,15527,15537),
(14281,14291,15538,15548),
(14270,14280,15549,15559),
(14259,14269,15560,15570),
(14248,14258,15571,15581),
(14237,14247,15582,15592),
(14226,14236,15593,15603),
(14215,14225,15604,15614),
(14204,14214,15615,15625),
(14193,14203,15626,15636),
(14182,14192,15637,15647),
(14171,14181,15648,15658),
(14160,14170,28586,28596),
(14149,14159,15670,15680),
(14138,14148,15681,15691),
(14127,14137,15692,15702),
(14116,14126,15703,15713),
(14105,14115,15714,15724),
(14094,14104,15725,15735),
(14083,14093,15736,15746),
(14072,14082,15747,15757),
(14061,14071,15758,15768),
(14050,14060,11861,11871),
(14039,14049,15780,15790),
(14028,14038,15791,15801),
(14017,14027,15802,15812),
(14006,14016,15813,15823),
(13995,14005,15824,15834),
(13984,13994,15835,15845),
(13973,13983,15846,15856),
(13962,13972,15857,15867),
(13951,13961,4498,4508),
(13940,13950,15879,15889),
(13929,13939,15890,15900),
(13918,13928,15901,15911),
(13907,13917,15912,15922),
(13896,13906,15923,15933),
(13885,13895,15934,15944),
(13874,13884,15945,15955),
(13863,13873,15956,15966),
(13852,13862,15967,15977),
(13841,13851,15978,15988),
(13830,13840,15989,15999),
(13819,13829,16000,16010),
(13808,13818,16011,16021),
(13797,13807,16022,16032),
(13786,13796,16033,16043),
(13775,13785,16044,16054),
(13764,13774,16055,16065),
(13753,13763,16066,16076),
(13742,13752,16077,16087),
(13731,13741,16088,16098),
(13720,13730,16099,16109),
(13709,13719,16110,16120),
(13698,13708,16121,16131),
(13687,13697,16132,16142),
(13676,13686,16143,16153),
(13665,13675,16154,16164),
(13654,13664,16165,16175),
(13643,13653,16176,16186),
(13632,13642,16187,16197),
(13621,13631,16198,16208),
(13610,13620,16209,16219),
(13599,13609,16220,16230),
(13588,13598,16231,16241),
(13577,13587,16242,16252),
(13566,13576,16253,16263),
(13555,13565,16264,16274),
(13544,13554,16275,16285),
(13533,13543,16286,16296),
(13522,13532,16297,16307),
(13511,13521,16308,16318),
(13500,13510,16319,16329),
(13489,13499,16330,16340),
(13478,13488,16341,16351),
(13467,13477,16352,16362),
(13456,13466,16363,16373),
(13445,13455,16374,16384),
(13434,13444,16385,16395),
(13423,13433,16396,16406),
(13412,13422,16407,16417),
(13401,13411,16418,16428),
(13390,13400,16429,16439),
(13379,13389,16440,16450),
(13368,13378,16451,16461),
(13357,13367,16462,16472),
(13346,13356,16473,16483),
(13335,13345,16484,16494),
(13324,13334,16495,16505),
(13313,13323,16506,16516),
(13302,13312,16517,16527),
(13291,13301,16528,16538),
(13280,13290,28969,28979),
(13269,13279,16550,16560),
(13258,13268,16561,16571),
(13247,13257,16572,16582),
(13236,13246,16583,16593),
(13225,13235,24850,24860),
(13214,13224,16605,16615),
(13203,13213,16616,16626),
(13192,13202,16627,16637),
(13181,13191,16638,16648),
(13170,13180,16649,16659),
(13159,13169,16660,16670),
(13148,13158,16671,16681),
(13137,13147,16682,16692),
(13126,13136,16693,16703),
(13115,13125,16704,16714),
(13104,13114,16715,16725),
(13093,13103,16726,16736),
(13082,13092,16737,16747),
(13071,13081,16748,16758),
(13060,13070,16759,16769),
(13049,13059,16770,16780),
(13038,13048,16781,16791),
(13027,13037,16792,16802),
(13016,13026,16803,16813),
(13005,13015,17649,17659),
(12994,13004,16825,16835),
(12983,12993,16836,16846),
(12972,12982,16847,16857),
(12961,12971,21245,21255),
(12950,12960,14954,14964),
(12939,12949,16880,16890),
(12928,12938,21278,21288),
(12917,12927,20724,20734),
(12906,12916,16913,16923),
(12895,12905,16924,16934),
(12884,12894,17780,17790),
(12873,12883,16946,16956),
(12862,12872,18879,18889),
(12851,12861,21354,21364),
(12840,12850,16979,16989),
(12829,12839,16990,17000),
(12818,12828,17001,17011),
(12807,12817,15242,15252),
(12796,12806,17023,17033),
(12785,12795,17034,17044),
(12774,12784,18966,18976),
(12763,12773,17056,17066),
(12752,12762,17067,17077),
(12741,12751,15176,15186),
(12730,12740,17089,17099),
(12719,12729,17100,17110),
(12708,12718,17116,17126),
(12697,12707,17122,17132),
(12686,12696,17133,17143),
(12675,12685,17144,17154),
(12664,12674,17155,17165),
(12653,12663,17166,17176),
(12642,12652,17177,17187),
(12631,12641,17188,17198),
(12620,12630,17199,17209),
(12609,12619,17210,17220),
(12598,12608,17221,17231),
(12587,12597,17232,17242),
(12576,12586,17243,17253),
(12565,12575,29817,29827),
(12554,12564,17265,17275),
(12543,12553,17276,17286),
(12532,12542,17287,17297),
(12521,12531,17298,17308),
(12510,12520,17309,17319),
(12499,12509,17320,17330),
(12488,12498,17331,17341),
(12477,12487,17342,17352),
(12466,12476,17353,17363),
(12455,12465,17364,17374),
(12444,12454,15402,15412),
(12433,12443,17386,17396),
(12422,12432,17397,17407),
(12411,12421,17408,17418),
(12400,12410,17419,17429),
(12389,12399,13568,13578),
(12378,12388,20709,20719),
(12367,12377,17452,17462),
(12356,12366,17784,17794),
(12345,12355,15009,15019),
(12334,12344,14997,15007),
(12323,12333,17496,17506),
(12312,12322,15405,15415),
(12301,12311,17518,17528),
(12290,12300,15248,15258),
(12279,12289,17540,17550),
(12268,12278,17551,17561),
(12257,12267,17881,17891),
(12246,12256,17573,17583),
(12235,12245,17584,17594),
(12224,12234,15182,15192),
(12213,12223,17606,17616),
(12202,12212,19015,19025),
(12191,12201,15155,15165),
(12180,12190,14847,14857),
(12169,12179,17651,17661),
(12158,12168,17662,17672),
(12147,12157,17673,17683),
(12136,12146,17684,17694),
(12125,12135,15403,15413),
(12114,12124,17706,17716),
(12103,12113,17717,17727),
(12092,12102,21270,21280),
(12081,12091,21281,21291),
(12070,12080,17750,17760),
(12059,12069,17761,17771),
(12048,12058,17772,17782),
(12037,12047,17783,17793),
(12026,12036,17794,17804),
(12015,12025,17805,17815),
(12004,12014,17816,17826),
(11993,12003,13626,13636),
(11982,11992,17838,17848),
(11971,11981,15247,15257),
(11960,11970,17860,17870),
(11949,11959,18950,18960),
(11938,11948,17882,17892),
(11927,11937,17893,17903),
(11916,11926,17904,17914),
(11905,11915,15181,15191),
(11894,11904,17926,17936),
(11883,11893,17937,17947),
(11872,11882,14847,14857),
(11861,11871,17959,17969),
(11850,11860,17970,17980),
(11839,11849,17981,17991),
(11828,11838,17992,18002),
(11817,11827,18003,18013),
(11806,11816,18014,18024),
(11795,11805,18025,18035),
(11784,11794,18036,18046),
(11773,11783,18047,18057),
(11762,11772,18058,18068),
(11751,11761,18069,18079),
(11740,11750,18080,18090),
(11729,11739,18091,18101),
(11718,11728,18102,18112),
(11707,11717,18113,18123),
(11696,11706,18124,18134),
(11685,11695,18135,18145),
(11674,11684,18146,18156),
(11663,11673,18157,18167),
(11652,11662,18168,18178),
(11641,11651,18179,18189),
(11630,11640,18190,18200),
(11619,11629,18201,18211),
(11608,11618,18212,18222),
(11597,11607,18223,18233),
(11586,11596,18413,18423),
(11575,11585,18245,18255),
(11564,11574,18256,18266),
(11553,11563,18267,18277),
(11542,11552,18278,18288),
(11531,11541,18289,18299),
(11520,11530,18300,18310),
(11509,11519,18311,18321),
(11498,11508,18322,18332),
(11487,11497,3809,3819),
(11476,11486,18344,18354),
(11465,11475,18355,18365),
(11454,11464,18366,18376),
(11443,11453,5805,5815),
(11432,11442,18388,18398),
(11421,11431,18399,18409),
(11410,11420,18410,18420),
(11399,11409,18421,18431),
(11388,11398,18432,18442),
(11377,11387,18443,18453),
(11366,11376,18454,18464),
(11355,11365,18465,18475),
(11344,11354,18476,18486),
(11333,11343,18487,18497),
(11322,11332,18498,18508),
(11311,11321,18509,18519),
(11300,11310,18520,18530),
(11289,11299,18531,18541),
(11278,11288,18542,18552),
(11267,11277,18553,18563),
(11256,11266,18564,18574),
(11245,11255,18575,18585),
(11234,11244,18586,18596),
(11223,11233,18597,18607),
(11212,11222,18608,18618),
(11201,11211,18619,18629),
(11190,11200,18630,18640),
(11179,11189,18641,18651),
(11168,11178,18652,18662),
(11157,11167,18663,18673),
(11146,11156,18674,18684),
(11135,11145,18685,18695),
(11124,11134,18696,18706),
(11113,11123,18707,18717),
(11102,11112,18718,18728),
(11091,11101,18729,18739),
(11080,11090,266,276),
(11069,11079,18751,18761),
(11058,11068,18762,18772),
(11047,11057,20776,20786),
(11036,11046,18784,18794),
(11025,11035,18795,18805),
(11014,11024,18806,18816),
(11003,11013,18817,18827),
(10992,11002,21292,21302),
(10981,10991,19004,19014),
(10970,10980,18850,18860),
(10959,10969,18861,18871),
(10948,10958,15010,15020),
(10937,10947,18883,18893),
(10926,10936,18894,18904),
(10915,10925,18905,18915),
(10904,10914,18916,18926),
(10893,10903,18927,18937),
(10882,10892,18938,18948),
(10871,10881,18949,18959),
(10860,10870,18960,18970),
(10849,10859,18971,18981),
(10838,10848,18982,18992),
(10827,10837,15182,15192),
(10816,10826,19004,19014),
(10805,10815,19015,19025),
(10794,10804,14854,14864),
(10783,10793,19037,19047),
(10772,10782,19048,19058),
(10761,10771,19059,19069),
(10750,10760,19070,19080),
(10739,10749,19081,19091),
(10728,10738,19092,19102),
(10717,10727,21833,21843),
(10706,10716,19114,19124),
(10695,10705,19125,19135),
(10684,10694,19136,19146),
(10673,10683,19147,19157),
(10662,10672,19158,19168),
(10651,10661,19169,19179),
(10640,10650,19180,19190),
(10629,10639,19191,19201),
(10618,10628,19202,19212),
(10607,10617,19213,19223),
(10596,10606,19224,19234),
(10585,10595,19235,19245),
(10574,10584,19246,19256),
(10563,10573,19257,19267),
(10552,10562,19268,19278),
(10541,10551,19279,19289),
(10530,10540,19290,19300),
(10519,10529,19301,19311),
(10508,10518,28834,28844),
(10497,10507,19323,19333),
(10486,10496,19334,19344),
(10475,10485,19345,19355),
(10464,10474,19356,19366),
(10453,10463,19367,19377),
(10442,10452,19335,19345),
(10431,10441,19389,19399),
(10420,10430,19400,19410),
(10409,10419,19411,19421),
(10398,10408,19422,19432),
(10387,10397,19433,19443),
(10376,10386,19444,19454),
(10365,10375,19455,19465),
(10354,10364,19466,19476),
(10343,10353,19477,19487),
(10332,10342,19488,19498),
(10321,10331,19499,19509),
(10310,10320,19510,19520),
(10299,10309,19521,19531),
(10288,10298,19532,19542),
(10277,10287,19543,19553),
(10266,10276,19554,19564),
(10255,10265,19565,19575),
(10244,10254,19576,19586),
(10233,10243,19587,19597),
(10222,10232,19598,19608),
(10211,10221,19609,19619),
(10200,10210,19620,19630),
(10189,10199,19631,19641),
(10178,10188,19642,19652),
(10167,10177,19653,19663),
(10156,10166,19664,19674),
(10145,10155,19675,19685),
(10134,10144,19686,19696),
(10123,10133,19697,19707),
(10112,10122,19708,19718),
(10101,10111,19719,19729),
(10090,10100,19730,19740),
(10079,10089,19741,19751),
(10068,10078,19752,19762),
(10057,10067,19763,19773),
(10046,10056,19774,19784),
(10035,10045,19785,19795),
(10024,10034,19796,19806),
(10013,10023,19807,19817),
(10002,10012,19818,19828),
(9991,10001,15717,15727),
(9980,9990,19840,19850),
(9969,9979,19851,19861),
(9958,9968,19862,19872),
(9947,9957,19873,19883),
(9936,9946,19884,19894),
(9928,9935,25899,25906),
(9917,9927,19903,19913),
(9906,9916,19914,19924),
(9895,9905,19925,19935),
(9884,9894,19936,19946),
(9873,9883,19947,19957),
(9862,9872,19958,19968),
(9851,9861,19969,19979),
(9840,9850,19980,19990),
(9829,9839,19991,20001),
(9818,9828,20002,20012),
(9807,9817,20013,20023),
(9796,9806,20024,20034),
(9785,9795,20035,20045),
(9774,9784,20046,20056),
(9763,9773,20057,20067),
(9752,9762,20068,20078),
(9741,9751,20079,20089),
(9730,9740,20090,20100),
(9719,9729,20101,20111),
(9708,9718,20112,20122),
(9697,9707,28029,28039),
(9686,9696,20134,20144),
(9675,9685,20145,20155),
(9664,9674,20156,20166),
(9653,9663,20167,20177),
(9642,9652,20178,20188),
(9631,9641,20189,20199),
(9620,9630,20200,20210),
(9609,9619,20211,20221),
(9598,9608,20222,20232),
(9587,9597,20233,20243),
(9576,9586,20244,20254),
(9565,9575,20255,20265),
(9554,9564,20266,20276),
(9543,9553,20277,20287),
(9532,9542,20288,20298),
(9521,9531,20299,20309),
(9510,9520,20310,20320),
(9499,9509,20321,20331),
(9488,9498,20332,20342),
(9477,9487,20343,20353),
(9466,9476,20354,20364),
(9455,9465,20365,20375),
(9444,9454,20376,20386),
(9433,9443,20387,20397),
(9422,9432,20398,20408),
(9411,9421,20409,20419),
(9400,9410,20420,20430),
(9389,9399,20431,20441),
(9378,9388,11690,11700),
(9367,9377,20453,20463),
(9356,9366,20464,20474),
(9345,9355,20475,20485),
(9334,9344,20486,20496),
(9323,9333,20497,20507),
(9312,9322,20508,20518),
(9301,9311,20519,20529),
(9290,9300,20530,20540),
(9279,9289,20541,20551),
(9268,9278,20552,20562),
(9257,9267,20563,20573),
(9246,9256,20612,20622),
(9235,9245,20585,20595),
(9224,9234,20596,20606),
(9213,9223,20607,20617),
(9202,9212,20618,20628),
(9191,9201,20629,20639),
(9180,9190,20640,20650),
(9169,9179,20811,20821),
(9158,9168,20662,20672),
(9147,9157,20673,20683),
(9136,9146,20684,20694),
(9125,9135,20695,20705),
(9114,9124,18843,18853),
(9103,9113,20717,20727),
(9092,9102,20728,20738),
(9081,9091,20739,20749),
(9070,9080,20750,20760),
(9059,9069,21252,21262),
(9048,9058,18777,18787),
(9037,9047,12114,12124),
(9026,9036,20794,20804),
(9015,9025,20805,20815),
(9004,9014,20816,20826),
(8993,9003,20827,20837),
(8982,8992,20838,20848),
(8971,8981,20849,20859),
(8960,8970,20860,20870),
(8949,8959,20871,20881),
(8938,8948,20882,20892),
(8927,8937,20893,20903),
(8916,8926,20904,20914),
(8905,8915,20915,20925),
(8894,8904,20926,20936),
(8883,8893,20937,20947),
(8872,8882,20948,20958),
(8861,8871,20959,20969),
(8850,8860,20970,20980),
(8839,8849,20981,20991),
(8828,8838,20992,21002),
(8817,8827,21003,21013),
(8806,8816,21014,21024),
(8795,8805,21025,21035),
(8784,8794,21036,21046),
(8773,8783,21047,21057),
(8762,8772,21058,21068),
(8751,8761,21069,21079),
(8740,8750,21080,21090),
(8729,8739,21091,21101),
(8718,8728,21102,21112),
(8707,8717,21113,21123),
(8696,8706,21124,21134),
(8685,8695,21135,21145),
(8674,8684,21146,21156),
(8663,8673,21157,21167),
(8652,8662,21168,21178),
(8641,8651,21179,21189),
(8630,8640,21190,21200),
(8619,8629,21201,21211),
(8608,8618,21212,21222),
(8597,8607,21223,21233),
(8586,8596,21234,21244),
(8575,8585,21245,21255),
(8564,8574,15089,15099),
(8553,8563,21267,21277),
(8542,8552,21278,21288),
(8531,8541,21289,21299),
(8520,8530,21300,21310),
(8509,8519,21311,21321),
(8498,8508,15320,15330),
(8487,8497,15013,15023),
(8476,8486,21344,21354),
(8465,8475,21355,21365),
(8454,8464,15274,15284),
(8443,8453,21377,21387),
(8432,8442,21388,21398),
(8421,8431,21399,21409),
(8410,8420,25320,25330),
(8399,8409,21421,21431),
(8388,8398,21432,21442),
(8377,8387,21443,21453),
(8366,8376,21454,21464),
(8355,8365,21465,21475),
(8344,8354,4439,4449),
(8333,8343,21487,21497),
(8322,8332,21498,21508),
(8311,8321,4406,4416),
(8300,8310,21520,21530),
(8289,8299,21531,21541),
(8278,8288,21542,21552),
(8267,8277,21553,21563),
(8256,8266,21564,21574),
(8245,8255,21575,21585),
(8234,8244,2088,2098),
(8223,8233,21597,21607),
(8212,8222,8205,8215),
(8201,8211,21619,21629),
(8190,8200,8183,8193),
(8179,8189,21641,21651),
(8168,8178,21652,21662),
(8157,8167,21663,21673),
(8146,8156,8139,8149),
(8135,8145,21685,21695),
(8124,8134,21696,21706),
(8113,8123,8106,8116),
(8102,8112,21718,21728),
(8091,8101,21729,21739),
(8080,8090,21740,21750),
(8069,8079,21751,21761),
(8058,8068,21762,21772),
(8047,8057,8040,8050),
(8036,8046,8029,8039),
(8025,8035,21795,21805),
(8014,8024,8007,8017),
(8003,8013,21817,21827),
(7992,8002,21828,21838),
(7981,7991,21839,21849),
(7970,7980,21850,21860),
(7959,7969,21861,21871),
(7948,7958,21872,21882),
(7937,7947,7930,7940),
(7926,7936,21894,21904),
(7915,7925,21905,21915),
(7904,7914,21916,21926),
(7893,7903,21927,21937),
(7882,7892,21938,21948),
(7871,7881,21949,21959),
(7860,7870,21960,21970),
(7852,7859,3573,3580),
(7841,7851,7834,7844),
(7830,7840,7823,7833),
(7819,7829,7812,7822),
(7808,7818,7801,7811),
(7797,7807,22023,22033),
(7786,7796,22034,22044),
(7775,7785,7768,7778),
(7764,7774,7757,7767),
(7753,7763,7746,7756),
(7742,7752,7735,7745),
(7731,7741,7724,7734),
(7720,7730,22100,22110),
(7709,7719,22111,22121),
(7698,7708,7691,7701),
(7687,7697,7680,7690),
(7676,7686,22144,22154),
(7665,7675,22155,22165),
(7654,7664,22166,22176),
(7643,7653,22177,22187),
(7632,7642,22188,22198),
(7621,7631,22199,22209),
(7610,7620,22210,22220),
(7599,7609,22221,22231),
(7588,7598,7587,7597),
(7577,7587,22243,22253),
(7566,7576,22254,22264),
(7555,7565,22265,22275),
(7544,7554,22276,22286),
(7533,7543,7532,7542),
(7522,7532,22298,22308),
(7511,7521,22309,22319),
(7500,7510,22320,22330),
(7489,7499,22331,22341),
(7478,7488,22342,22352),
(7467,7477,7464,7474),
(7456,7466,22364,22374),
(7445,7455,22375,22385),
(7434,7444,7432,7442),
(7423,7433,22397,22407),
(7412,7422,22408,22418),
(7401,7411,22419,22429),
(7390,7400,22430,22440),
(7379,7389,22441,22451),
(7368,7378,22452,22462),
(7357,7367,22463,22473),
(7346,7356,22474,22484),
(7335,7345,22485,22495),
(7324,7334,22496,22506),
(7313,7323,22507,22517),
(7302,7312,7300,7310),
(7291,7301,7289,7299),
(7283,7290,16562,16569),
(7272,7282,22548,22558),
(7261,7271,22559,22569),
(7250,7260,7252,7262),
(7239,7249,22581,22591),
(7228,7238,7230,7240),
(7217,7227,22603,22613),
(7206,7216,22614,22624),
(7195,7205,22625,22635),
(7184,7194,7185,7195),
(7173,7183,7174,7184),
(7162,7172,7163,7173),
(7151,7161,7152,7162),
(7140,7150,7141,7151),
(7129,7139,7130,7140),
(7118,7128,22702,22712),
(7107,7117,7108,7118),
(7096,7106,7097,7107),
(7085,7095,22735,22745),
(7074,7084,22746,22756),
(7063,7073,7064,7074),
(7052,7062,7053,7063),
(7041,7051,7042,7052),
(7030,7040,7031,7041),
(7019,7029,22801,22811),
(7008,7018,7009,7019),
(6997,7007,22823,22833),
(6986,6996,22834,22844),
(6975,6985,22845,22855),
(6964,6974,6964,6974),
(6953,6963,6953,6963),
(6942,6952,6942,6952),
(6931,6941,6931,6941),
(6920,6930,6920,6930),
(6909,6919,22911,22921),
(6898,6908,6898,6908),
(6887,6897,6887,6897),
(6876,6886,6876,6886),
(6865,6875,6865,6875),
(6854,6864,6854,6864),
(6843,6853,6843,6853),
(6832,6842,6832,6842),
(6821,6831,22999,23009),
(6810,6820,23010,23020),
(6799,6809,6799,6809),
(6788,6798,6788,6798),
(6777,6787,6777,6787),
(6766,6776,6766,6776),
(6755,6765,6755,6765),
(6744,6754,6744,6754),
(6733,6743,6733,6743),
(6722,6732,6722,6732),
(6711,6721,6711,6721),
(6700,6710,6700,6710),
(6689,6699,6689,6699),
(6678,6688,6678,6688),
(6667,6677,6667,6677),
(6656,6666,6656,6666),
(6645,6655,6645,6655),
(6634,6644,6634,6644),
(6623,6633,6623,6633),
(6612,6622,6612,6622),
(6601,6611,6601,6611),
(6590,6600,6590,6600),
(6579,6589,6579,6589),
(6568,6578,6568,6578),
(6557,6567,6557,6567),
(6546,6556,6546,6556),
(6535,6545,6535,6545),
(6524,6534,6524,6534),
(6513,6523,6513,6523),
(6502,6512,6502,6512),
(6491,6501,6491,6501),
(6480,6490,6480,6490),
(6469,6479,6469,6479),
(6458,6468,6458,6468),
(6447,6457,6447,6457),
(6436,6446,6436,6446),
(6425,6435,6425,6435),
(6414,6424,6414,6424),
(6403,6413,6403,6413),
(6392,6402,6392,6402),
(6381,6391,6381,6391),
(6370,6380,6370,6380),
(6359,6369,6359,6369),
(6348,6358,6348,6358),
(6337,6347,6337,6347),
(6326,6336,6326,6336),
(6315,6325,6315,6325),
(6304,6314,6304,6314),
(6293,6303,6293,6303),
(6282,6292,6282,6292),
(6271,6281,6271,6281),
(6260,6270,6260,6270),
(6249,6259,6249,6259),
(6238,6248,6238,6248),
(6227,6237,6227,6237),
(6216,6226,6216,6226),
(6205,6215,6205,6215),
(6194,6204,6194,6204),
(6183,6193,6183,6193),
(6172,6182,6172,6182),
(6161,6171,6161,6171),
(6150,6160,6150,6160),
(6139,6149,6139,6149),
(6128,6138,6128,6138),
(6117,6127,6117,6127),
(6106,6116,6106,6116),
(6095,6105,6095,6105),
(6084,6094,6084,6094),
(6073,6083,6073,6083),
(6062,6072,6062,6072),
(6051,6061,6051,6061),
(6040,6050,6040,6050),
(6029,6039,6029,6039),
(6018,6028,6018,6028),
(6007,6017,6007,6017),
(5996,6006,5996,6006),
(5985,5995,5985,5995),
(5974,5984,5974,5984),
(5963,5973,5963,5973),
(5952,5962,5952,5962),
(5941,5951,5941,5951),
(5930,5940,5930,5940),
(5919,5929,5919,5929),
(5908,5918,5908,5918),
(5897,5907,5897,5907),
(5886,5896,5886,5896),
(5875,5885,5875,5885),
(5864,5874,5864,5874),
(5853,5863,5853,5863),
(5842,5852,5842,5852),
(5831,5841,5831,5841),
(5820,5830,5820,5830),
(5809,5819,5809,5819),
(5798,5808,5798,5808),
(5787,5797,5787,5797),
(5776,5786,5776,5786),
(5765,5775,5765,5775),
(5754,5764,5754,5764),
(5743,5753,5743,5753),
(5732,5742,5732,5742),
(5721,5731,5721,5731),
(5710,5720,5710,5720),
(5699,5709,5699,5709),
(5688,5698,5688,5698),
(5677,5687,5677,5687),
(5666,5676,5666,5676),
(5655,5665,5655,5665),
(5644,5654,5644,5654),
(5633,5643,5633,5643),
(5622,5632,5622,5632),
(5611,5621,5611,5621),
(5600,5610,5600,5610),
(5589,5599,19904,19914),
(5578,5588,5578,5588),
(5567,5577,5567,5577),
(5556,5566,5556,5566),
(5545,5555,5545,5555),
(5534,5544,5534,5544),
(5523,5533,5523,5533),
(5512,5522,5512,5522),
(5501,5511,5501,5511),
(5490,5500,5490,5500),
(5479,5489,5479,5489),
(5468,5478,5468,5478),
(5457,5467,5457,5467),
(5446,5456,5446,5456),
(5435,5445,5435,5445),
(5424,5434,5424,5434),
(5413,5423,5413,5423),
(5402,5412,5402,5412),
(5391,5401,5391,5401),
(5380,5390,5380,5390),
(5369,5379,8741,8751),
(5358,5368,5358,5368),
(5347,5357,5347,5357),
(5336,5346,5336,5346),
(5325,5335,5325,5335),
(5314,5324,5314,5324),
(5303,5313,5303,5313),
(5292,5302,5292,5302),
(5281,5291,5281,5291),
(5270,5280,5270,5280),
(5259,5269,5259,5269),
(5248,5258,5248,5258),
(5237,5247,5237,5247),
(5226,5236,5226,5236),
(5215,5225,24611,24621),
(5204,5214,5204,5214),
(5193,5203,5193,5203),
(5182,5192,5182,5192),
(5171,5181,5171,5181),
(5160,5170,6781,6791),
(5149,5159,5149,5159),
(5138,5148,5138,5148),
(5127,5137,5127,5137),
(5116,5126,5116,5126),
(5105,5115,5105,5115),
(5094,5104,5094,5104),
(5083,5093,5083,5093),
(5072,5082,5072,5082),
(5061,5071,5061,5071),
(5050,5060,5050,5060),
(5039,5049,5039,5049),
(5028,5038,5028,5038),
(5017,5027,5017,5027),
(5006,5016,5006,5016),
(4995,5005,4995,5005),
(4984,4994,4984,4994),
(4973,4983,4973,4983),
(4962,4972,4962,4972),
(4951,4961,4951,4961),
(4940,4950,4940,4950),
(4929,4939,4929,4939),
(4918,4928,4918,4928),
(4907,4917,4907,4917),
(4896,4906,4896,4906),
(4885,4895,4885,4895),
(4874,4884,4874,4884),
(4863,4873,4863,4873),
(4852,4862,4852,4862),
(4841,4851,4841,4851),
(4830,4840,4830,4840),
(4819,4829,4819,4829),
(4808,4818,4808,4818),
(4797,4807,4797,4807),
(4786,4796,4786,4796),
(4775,4785,4775,4785),
(4764,4774,4764,4774),
(4753,4763,4753,4763),
(4742,4752,4742,4752),
(4731,4741,4731,4741),
(4720,4730,4720,4730),
(4709,4719,4709,4719),
(4698,4708,4698,4708),
(4687,4697,4687,4697),
(4676,4686,4676,4686),
(4665,4675,4665,4675),
(4654,4664,4654,4664),
(4643,4653,4643,4653),
(4632,4642,4632,4642),
(4621,4631,4621,4631),
(4610,4620,4610,4620),
(4599,4609,4599,4609),
(4588,4598,4588,4598),
(4577,4587,4577,4587),
(4566,4576,4566,4576),
(4555,4565,4555,4565),
(4544,4554,4544,4554),
(4533,4543,4533,4543),
(4522,4532,4522,4532),
(4511,4521,4511,4521),
(4500,4510,4500,4510),
(4489,4499,4489,4499),
(4478,4488,4478,4488),
(4467,4477,4467,4477),
(4456,4466,4456,4466),
(4445,4455,4445,4455),
(4434,4444,4434,4444),
(4423,4433,4423,4433),
(4412,4422,4412,4422),
(4401,4411,4401,4411),
(4390,4400,4390,4400),
(4379,4389,4379,4389),
(4368,4378,4368,4378),
(4357,4367,4357,4367),
(4346,4356,4346,4356),
(4335,4345,4335,4345),
(4324,4334,4324,4334),
(4313,4323,4313,4323),
(4302,4312,4302,4312),
(4291,4301,4291,4301),
(4280,4290,4280,4290),
(4269,4279,4269,4279),
(4258,4268,4258,4268),
(4247,4257,4247,4257),
(4236,4246,4236,4246),
(4225,4235,4225,4235),
(4214,4224,4214,4224),
(4203,4213,4203,4213),
(4192,4202,4192,4202),
(4181,4191,4181,4191),
(4170,4180,4170,4180),
(4159,4169,4159,4169),
(4148,4158,12176,12186),
(4137,4147,12165,12175),
(4126,4136,12154,12164),
(4115,4125,12143,12153),
(4104,4114,12132,12142),
(4093,4103,4093,4103),
(4082,4092,12110,12120),
(4071,4081,12099,12109),
(4060,4070,12088,12098),
(4049,4059,12077,12087),
(4038,4048,4038,4048),
(4027,4037,12055,12065),
(4016,4026,4016,4026),
(4005,4015,12033,12043),
(3994,4004,3994,4004),
(3983,3993,12011,12021),
(3972,3982,12000,12010),
(3961,3971,3961,3971),
(3950,3960,11978,11988),
(3939,3949,11967,11977),
(3928,3938,3928,3938),
(3917,3927,11945,11955),
(3906,3916,3906,3916),
(3895,3905,3895,3905),
(3884,3894,3884,3894),
(3873,3883,11897,11907),
(3862,3872,11886,11896),
(3851,3861,11875,11885),
(3840,3850,11864,11874),
(3829,3839,11853,11863),
(3818,3828,3818,3828),
(3807,3817,3807,3817),
(3796,3806,11819,11829),
(3785,3795,11808,11818),
(3774,3784,11797,11807),
(3763,3773,11786,11796),
(3752,3762,11775,11785),
(3741,3751,11764,11774),
(3730,3740,11753,11763),
(3719,3729,3719,3729),
(3708,3718,3708,3718),
(3697,3707,3697,3707),
(3686,3696,3686,3696),
(3675,3685,11698,11708),
(3664,3674,11687,11697),
(3653,3663,11676,11686),
(3642,3652,11665,11675),
(3631,3641,3631,3641),
(3620,3630,3620,3630),
(3609,3619,11632,11642),
(3598,3608,11621,11631),
(3587,3597,11610,11620),
(3576,3586,3576,3586),
(3565,3575,3565,3575),
(3554,3564,11577,11587),
(3543,3553,3543,3553),
(3532,3542,3532,3542),
(3521,3531,11544,11554),
(3510,3520,11533,11543),
(3499,3509,11522,11532),
(3488,3498,11511,11521),
(3477,3487,3477,3487),
(3466,3476,11489,11499),
(3455,3465,11478,11488),
(3444,3454,3444,3454),
(3433,3443,3433,3443),
(3422,3432,11445,11455),
(3411,3421,11434,11444),
(3400,3410,3400,3410),
(3389,3399,3389,3399),
(3378,3388,3378,3388),
(3367,3377,3367,3377),
(3356,3366,3356,3366),
(3345,3355,3345,3355),
(3334,3344,3334,3344),
(3323,3333,3323,3333),
(3312,3322,3312,3322),
(3301,3311,3301,3311),
(3290,3300,3290,3300),
(3279,3289,3279,3289),
(3268,3278,3268,3278),
(3257,3267,3257,3267),
(3246,3256,3246,3256),
(3235,3245,3235,3245),
(3224,3234,3224,3234),
(3213,3223,3213,3223),
(3202,3212,3202,3212),
(3191,3201,3191,3201),
(3180,3190,3180,3190),
(3169,3179,3169,3179),
(3158,3168,3158,3168),
(3147,3157,3147,3157),
(3136,3146,3136,3146),
(3125,3135,3125,3135),
(3114,3124,3114,3124),
(3103,3113,3103,3113),
(3092,3102,3092,3102),
(3081,3091,3081,3091),
(3070,3080,3070,3080),
(3059,3069,3059,3069),
(3048,3058,3048,3058),
(3037,3047,3037,3047),
(3026,3036,3026,3036),
(3015,3025,3015,3025),
(3004,3014,3004,3014),
(2993,3003,2993,3003),
(2982,2992,2982,2992),
(2971,2981,2971,2981),
(2960,2970,2960,2970),
(2949,2959,2949,2959),
(2938,2948,2938,2948),
(2927,2937,2927,2937),
(2916,2926,2916,2926),
(2905,2915,2905,2915),
(2894,2904,2894,2904),
(2883,2893,2883,2893),
(2872,2882,2872,2882),
(2861,2871,2861,2871),
(2850,2860,2850,2860),
(2839,2849,2839,2849),
(2828,2838,2828,2838),
(2817,2827,2817,2827),
(2806,2816,2806,2816),
(2795,2805,2795,2805),
(2784,2794,2784,2794),
(2773,2783,2773,2783),
(2762,2772,2762,2772),
(2751,2761,2751,2761),
(2740,2750,2740,2750),
(2729,2739,2729,2739),
(2718,2728,2718,2728),
(2707,2717,2707,2717),
(2696,2706,2696,2706),
(2685,2695,2685,2695),
(2674,2684,2674,2684),
(2663,2673,2663,2673),
(2652,2662,2652,2662),
(2641,2651,2641,2651),
(2630,2640,2630,2640),
(2619,2629,2619,2629),
(2608,2618,2608,2618),
(2597,2607,2597,2607),
(2586,2596,2586,2596),
(2575,2585,2575,2585),
(2564,2574,2564,2574),
(2553,2563,2553,2563),
(2542,2552,2542,2552),
(2531,2541,2531,2541),
(2520,2530,2520,2530),
(2509,2519,2509,2519),
(2498,2508,2498,2508),
(2487,2497,2487,2497),
(2476,2486,5406,5416),
(2465,2475,2465,2475),
(2454,2464,2454,2464),
(2443,2453,2443,2453),
(2432,2442,2432,2442),
(2421,2431,2421,2431),
(2410,2420,2410,2420),
(2399,2409,2399,2409),
(2388,2398,2388,2398),
(2377,2387,2377,2387),
(2366,2376,2366,2376),
(2355,2365,2355,2365),
(2344,2354,2344,2354),
(2333,2343,2333,2343),
(2322,2332,2322,2332),
(2311,2321,2311,2321),
(2300,2310,2300,2310),
(2289,2299,2289,2299),
(2278,2288,2278,2288),
(2267,2277,2267,2277),
(2256,2266,2256,2266),
(2245,2255,2245,2255),
(2234,2244,2234,2244),
(2223,2233,2223,2233),
(2212,2222,2212,2222),
(2201,2211,2201,2211),
(2190,2200,2190,2200),
(2179,2189,2179,2189),
(2168,2178,2168,2178),
(2157,2167,2157,2167),
(2146,2156,2146,2156),
(2135,2145,2135,2145),
(2124,2134,2124,2134),
(2113,2123,2113,2123),
(2102,2112,2102,2112),
(2091,2101,2091,2101),
(2080,2090,2080,2090),
(2069,2079,2069,2079),
(2058,2068,2058,2068),
(2047,2057,2047,2057),
(2036,2046,2036,2046),
(2025,2035,2025,2035),
(2014,2024,2014,2024),
(2003,2013,2003,2013),
(1992,2002,1992,2002),
(1981,1991,2153,2163),
(1970,1980,1970,1980),
(1959,1969,1959,1969),
(1948,1958,1948,1958),
(1937,1947,1937,1947),
(1926,1936,1926,1936),
(1915,1925,1915,1925),
(1904,1914,1904,1914),
(1893,1903,1893,1903),
(1882,1892,1882,1892),
(1871,1881,1871,1881),
(1860,1870,1860,1870),
(1849,1859,1849,1859),
(1838,1848,1838,1848),
(1827,1837,1827,1837),
(1816,1826,1816,1826),
(1805,1815,1805,1815),
(1794,1804,1794,1804),
(1783,1793,1783,1793),
(1772,1782,1772,1782),
(1761,1771,1761,1771),
(1750,1760,1750,1760),
(1739,1749,1739,1749),
(1728,1738,1728,1738),
(1717,1727,1717,1727),
(1706,1716,1706,1716),
(1695,1705,1695,1705),
(1684,1694,1684,1694),
(1673,1683,1673,1683),
(1662,1672,1662,1672),
(1651,1661,1651,1661),
(1640,1650,1640,1650),
(1629,1639,1629,1639),
(1618,1628,1618,1628),
(1607,1617,1607,1617),
(1596,1606,1596,1606),
(1585,1595,1585,1595),
(1574,1584,1574,1584),
(1563,1573,1563,1573),
(1552,1562,1552,1562),
(1541,1551,1541,1551),
(1530,1540,1530,1540),
(1519,1529,1519,1529),
(1508,1518,1508,1518),
(1497,1507,1497,1507),
(1486,1496,1486,1496),
(1475,1485,1475,1485),
(1464,1474,1464,1474),
(1453,1463,1453,1463),
(1442,1452,1442,1452),
(1431,1441,1431,1441),
(1420,1430,1420,1430),
(1409,1419,1409,1419),
(1398,1408,1398,1408),
(1387,1397,1387,1397),
(1376,1386,1376,1386),
(1365,1375,1365,1375),
(1354,1364,1354,1364),
(1343,1353,1343,1353),
(1332,1342,1332,1342),
(1321,1331,1321,1331),
(1310,1320,1310,1320),
(1299,1309,1299,1309),
(1288,1298,1288,1298),
(1277,1287,1277,1287),
(1266,1276,1266,1276),
(1255,1265,1255,1265),
(1244,1254,1244,1254),
(1233,1243,1233,1243),
(1222,1232,1222,1232),
(1211,1221,1211,1221),
(1200,1210,1200,1210),
(1189,1199,1189,1199),
(1178,1188,1178,1188),
(1167,1177,1167,1177),
(1156,1166,1156,1166),
(1145,1155,1145,1155),
(1134,1144,1134,1144),
(1123,1133,1123,1133),
(1112,1122,1112,1122),
(1101,1111,1101,1111),
(1090,1100,1090,1100),
(1079,1089,1079,1089),
(1068,1078,1068,1078),
(1057,1067,1057,1067),
(1046,1056,1046,1056),
(1035,1045,1035,1045),
(1024,1034,1024,1034),
(1013,1023,1013,1023),
(1002,1012,1002,1012),
(991,1001,991,1001),
(980,990,980,990),
(969,979,969,979),
(958,968,958,968),
(947,957,947,957),
(936,946,936,946),
(925,935,925,935),
(914,924,914,924),
(903,913,903,913),
(892,902,892,902),
(881,891,881,891),
(870,880,870,880),
(859,869,859,869),
(848,858,848,858),
(837,847,837,847),
(826,836,826,836),
(815,825,815,825),
(804,814,804,814),
(793,803,793,803),
(782,792,782,792),
(771,781,771,781),
(760,770,760,770),
(749,759,749,759),
(738,748,738,748),
(727,737,727,737),
(716,726,716,726),
(705,715,705,715),
(694,704,694,704),
(683,693,683,693),
(672,682,672,682),
(661,671,661,671),
(650,660,650,660),
(639,649,639,649),
(628,638,628,638),
(617,627,617,627),
(606,616,606,616),
(595,605,595,605),
(584,594,584,594),
(573,583,573,583),
(562,572,562,572),
(551,561,551,561),
(540,550,540,550),
(529,539,529,539),
(518,528,518,528),
(507,517,507,517),
(496,506,496,506),
(485,495,485,495),
(474,484,474,484),
(463,473,8892,8902),
(452,462,452,462),
(441,451,441,451),
(430,440,430,440),
(419,429,419,429),
(408,418,408,418),
(397,407,397,407),
(386,396,386,396),
(375,385,375,385),
(364,374,364,374),
(353,363,353,363),
(342,352,342,352),
(331,341,331,341),
(320,330,320,330),
(309,319,309,319),
(298,308,298,308),
(287,297,287,297),
(276,286,276,286),
(265,275,265,275),
(254,264,254,264),
(243,253,243,253),
(232,242,232,242),
(221,231,221,231),
(210,220,210,220),
(199,209,199,209),
(188,198,188,198),
(177,187,177,187),
(166,176,166,176),
(155,165,155,165),
(144,154,144,154),
(133,143,133,143),
(122,132,122,132),
(111,121,111,121),
(100,110,100,110),
(89,99,7979,7989),
(78,88,78,88),
(67,77,67,77),
(56,66,56,66),
(45,55,45,55),
(34,44,34,44),
(23,33,23,33),
(12,22,12,22),
(1,11,1,11),
