0,0
1,1
2,2
2,3
2,4
3,3
4,4
4,5
5,5
6,6
6,7
6,8
6,9
6,10
6,11
6,12
6,13
6,14
6,15
6,16
6,17
7,7
7,11
7,13
7,14
8,8
8,9
8,12
8,15
8,16
9,9
9,16
10,10
10,11
10,17
11,11
12,12
13,13
13,14
14,14
15,15
15,16
16,16
17,17
18,18
18,19
18,20
18,21
18,22
18,23
18,24
18,25
19,19
19,21
19,22
19,23
20,20
20,24
21,21
21,22
21,23
22,22
22,23
23,23
24,24
25,25
26,26
26,27
26,28
27,27
27,28
28,28
29,29
29,30
29,31
30,30
30,31
31,31
32,32
32,33
32,34
32,35
32,36
33,33
33,34
33,35
33,36
34,34
34,35
34,36
35,35
35,36
36,36
37,37
37,38
37,39
38,38
38,39
39,39
40,40
41,41
41,42
41,43
42,42
42,43
43,43
44,44
44,45
44,46
44,47
44,48
44,49
45,45
45,46
45,49
46,46
47,47
48,48
48,49
48,50
48,52
48,53
48,54
49,49
49,53
50,50
50,51
50,52
50,53
50,54
50,55
51,51
52,52
52,53
52,54
53,53
54,54
54,55
55,55
56,56
56,57
56,58
56,59
57,57
58,58
58,59
58,60
58,62
59,59
59,60
60,60
61,61
62,62
63,63
63,64
64,64
65,65
65,66
65,67
65,68
65,69
65,70
65,75
65,76
66,66
66,69
66,70
67,67
68,68
68,69
68,70
68,71
68,72
68,73
69,69
69,70
69,72
70,70
71,71
71,73
71,74
72,72
73,73
73,74
74,74
75,75
75,76
76,76
77,77
78,78
78,79
78,80
78,81
78,82
78,83
78,85
79,79
79,80
79,81
79,82
79,83
80,80
80,81
81,81
82,82
83,83
84,84
85,85
86,86
87,87
87,88
87,89
88,88
88,89
89,89
90,90
91,91
91,92
91,93
91,94
92,92
92,93
93,93
94,94
94,95
94,96
94,98
94,99
94,100
94,101
94,102
94,103
95,95
95,96
95,99
95,103
96,96
97,97
98,98
98,99
98,100
99,99
100,100
100,101
101,101
102,102
102,103
102,104
102,105
102,106
102,107
103,103
103,106
103,107
104,104
104,105
105,105
106,106
106,107
106,108
106,109
107,107
108,108
108,109
108,110
108,112
109,109
109,110
110,110
111,111
112,112
113,113
113,114
114,114
115,115
116,116
116,117
116,118
117,117
117,118
118,118
119,119
119,120
119,121
119,122
119,123
120,120
120,121
120,122
120,123
121,121
121,122
121,123
122,122
122,123
123,123
124,124
125,125
126,126
126,127
126,128
127,127
128,128
128,129
128,130
128,131
128,132
128,133
129,129
129,130
129,131
129,132
129,133
130,130
130,131
131,131
132,132
133,133
134,134
134,135
135,135
136,136
136,137
136,138
136,139
137,137
137,138
137,139
138,138
138,139
139,139
140,140
140,141
140,142
140,144
140,145
140,146
141,141
141,142
141,146
142,142
143,143
144,144
144,145
144,146
145,145
145,146
146,146
147,147
148,148
148,149
148,150
148,151
148,152
148,153
149,149
149,150
149,152
149,153
150,150
150,153
151,151
152,152
152,153
152,154
153,153
154,154
154,155
155,155
156,156
156,157
157,157
158,158
158,159
158,160
158,162
159,159
159,160
160,160
161,161
162,162
163,163
163,164
164,164
165,165
165,166
165,167
165,168
165,169
165,170
165,171
165,172
165,173
165,174
165,175
166,166
166,169
166,170
166,171
166,172
166,173
167,167
167,174
168,168
168,169
168,170
168,171
168,172
168,173
168,175
169,169
169,170
169,171
169,172
169,173
170,170
170,171
170,172
170,173
171,171
171,172
171,173
172,172
172,173
173,173
174,174
175,175
176,176
177,177
177,178
177,179
177,180
177,181
178,178
178,179
178,180
178,181
179,179
179,180
179,181
180,180
180,181
181,181
182,182
183,183
184,184
184,186
185,185
185,187
185,188
185,189
185,191
185,192
185,193
186,186
186,190
186,194
186,195
186,196
187,187
187,188
187,189
187,191
187,192
187,193
187,197
188,188
188,189
188,192
188,193
189,189
189,193
190,190
190,194
190,195
190,196
191,191
191,192
191,193
191,197
192,192
192,193
193,193
194,194
194,195
194,196
195,195
195,196
196,196
197,197
198,198
198,199
198,200
199,199
199,200
200,200
201,201
201,202
201,204
201,205
202,202
203,203
204,204
204,205
205,205
206,206
206,207
206,208
206,209
207,207
208,208
208,209
208,210
208,212
209,209
209,210
210,210
211,211
212,212
213,213
213,214
213,215
213,217
214,214
215,215
215,216
215,217
215,218
215,219
215,220
215,221
215,222
215,223
216,216
216,219
216,220
216,221
216,222
216,223
217,217
218,218
218,219
218,220
218,221
218,222
218,223
218,224
218,225
218,226
219,219
219,220
219,221
219,222
219,223
219,225
220,220
220,221
220,222
220,223
221,221
221,222
221,223
222,222
222,223
223,223
224,224
224,226
224,227
225,225
225,228
225,229
225,230
225,231
226,226
226,227
226,232
227,227
228,228
228,229
228,230
228,231
229,229
229,230
229,231
230,230
230,231
231,231
232,232
233,233
234,234
234,235
235,235
236,236
236,237
236,238
236,239
237,237
237,238
237,239
238,238
238,239
239,239
240,240
240,242
241,241
242,242
243,243
244,244
244,245
244,246
244,248
244,249
244,250
244,251
244,252
244,253
245,245
245,246
245,249
245,250
245,253
246,246
247,247
248,248
248,249
248,250
248,251
248,252
248,253
249,249
249,250
249,253
250,250
251,251
252,252
252,253
252,254
253,253
254,254
254,255
255,255
256,256
256,257
256,258
256,259
257,257
257,259
258,258
259,259
260,260
261,261
262,262
263,263
263,264
264,264
265,265
265,266
265,267
265,268
265,269
265,270
265,271
265,272
265,273
265,275
266,266
266,269
266,270
266,272
266,273
267,267
267,271
268,268
268,269
268,270
269,269
269,270
270,270
271,271
272,272
272,273
273,273
274,274
275,275
276,276
276,277
276,278
276,279
276,280
276,281
276,282
277,277
277,279
278,278
278,280
279,279
280,280
281,281
281,282
282,282
283,283
284,284
284,285
285,285
286,286
286,287
286,288
286,289
287,287
287,288
287,289
288,288
288,289
289,289
290,290
291,291
291,292
291,293
292,292
292,293
293,293
294,294
294,295
294,296
294,297
294,298
294,299
294,300
295,295
295,296
295,299
295,300
296,296
297,297
298,298
298,299
298,300
298,301
298,302
298,303
298,304
299,299
299,300
299,303
300,300
301,301
302,302
302,303
303,303
304,304
304,305
305,305
306,306
306,307
306,308
307,307
307,308
308,308
309,309
309,310
309,311
309,312
310,310
311,311
312,312
313,313
313,314
314,314
315,315
315,316
315,317
315,318
315,319
315,320
315,321
315,322
316,316
316,317
316,318
316,319
316,320
316,321
316,322
317,317
317,318
317,319
317,320
317,321
317,322
318,318
318,319
318,320
318,321
318,322
319,319
319,320
319,321
319,322
320,320
320,321
320,322
321,321
321,322
322,322
323,323
323,326
323,327
324,324
324,325
324,328
324,329
324,330
324,331
325,325
325,330
325,331
326,326
326,327
326,332
327,327
328,328
328,329
328,330
328,331
328,332
328,333
329,329
329,330
329,331
329,332
329,333
330,330
330,331
331,331
332,332
333,333
334,334
334,335
335,335
336,336
336,337
336,339
337,337
338,338
338,340
339,339
340,340
341,341
341,342
341,343
341,344
342,342
342,343
342,344
343,343
343,344
344,344
345,345
345,346
345,347
345,348
345,349
345,350
346,346
346,348
347,347
347,349
348,348
349,349
350,350
351,351
352,352
352,353
352,354
353,353
353,354
354,354
355,355
356,356
356,357
357,357
358,358
358,359
358,360
358,362
359,359
359,360
360,360
361,361
362,362
363,363
363,364
363,365
364,364
365,365
365,366
365,368
365,369
365,370
365,371
365,372
365,373
365,374
365,375
366,366
366,369
366,370
366,371
366,372
366,373
367,367
368,368
368,369
368,370
368,371
368,372
368,373
368,374
369,369
369,370
369,371
369,372
369,373
370,370
370,371
370,372
370,373
371,371
371,372
371,373
372,372
372,373
373,373
374,374
374,375
374,376
374,377
374,378
374,379
375,375
375,376
375,377
375,378
376,376
376,377
376,378
377,377
377,378
378,378
379,379
379,380
379,381
380,380
380,381
381,381
382,382
383,383
384,384
384,385
385,385
386,386
386,387
386,388
387,387
387,388
388,388
389,389
389,390
389,391
389,392
389,394
389,395
389,396
389,398
389,399
389,400
389,401
389,402
389,403
389,404
389,405
389,406
389,407
389,439
389,440
389,441
389,442
389,444
389,445
389,446
389,448
389,449
389,450
389,451
389,452
389,453
389,454
389,455
389,456
389,457
389,489
389,490
389,491
389,492
389,494
389,495
389,496
389,498
389,499
389,500
389,501
389,502
389,503
389,504
389,505
389,506
389,507
389,539
389,540
389,541
389,542
389,544
389,545
389,546
389,548
389,549
389,550
389,551
389,552
389,553
389,554
389,555
389,556
389,557
389,589
389,590
389,591
389,592
389,594
389,595
389,596
389,598
389,599
389,600
389,601
389,602
389,659
389,660
389,661
389,662
389,664
389,665
389,666
389,668
389,669
389,670
389,671
389,672
389,729
389,730
389,731
389,732
389,734
389,735
389,736
389,738
389,739
389,740
389,741
389,742
389,799
389,800
389,801
389,802
389,804
389,805
389,806
389,808
389,809
389,810
389,811
389,812
389,813
389,814
389,815
389,816
389,819
389,820
389,821
389,822
389,823
389,824
389,825
389,826
389,827
389,828
389,829
389,830
389,831
389,832
389,833
389,834
389,835
389,836
389,837
389,838
389,839
389,840
389,841
389,842
389,843
389,844
389,845
389,846
389,847
389,848
389,849
389,850
389,851
389,852
389,853
389,854
389,855
389,856
389,857
389,858
389,859
389,860
389,861
389,862
389,863
389,864
389,865
389,866
389,867
389,868
389,869
389,870
389,871
389,872
389,873
389,874
389,875
389,876
389,877
389,878
389,879
389,880
389,881
389,882
389,883
389,884
389,885
389,886
389,887
389,888
389,889
389,890
389,891
389,892
389,893
389,894
389,895
389,896
389,897
389,898
389,899
389,900
389,901
389,902
389,903
389,904
389,905
389,906
389,907
389,908
389,909
389,910
389,911
389,912
389,913
389,914
389,915
389,916
389,919
389,920
389,921
389,922
389,923
389,924
389,925
389,926
389,927
389,928
389,929
389,930
389,931
389,932
389,933
389,934
389,935
389,936
389,937
389,938
389,939
389,940
389,941
389,942
389,943
389,944
389,945
389,946
389,947
389,948
389,949
389,950
389,951
389,952
389,953
389,954
389,955
389,956
389,957
389,958
389,959
389,960
389,961
389,962
389,963
389,964
389,965
389,966
389,967
389,968
389,969
389,970
389,971
389,972
389,973
389,974
389,975
389,976
389,977
389,978
389,979
389,980
389,981
389,982
389,983
389,984
389,985
389,986
389,987
389,988
389,989
389,990
389,991
389,992
389,993
389,994
389,995
389,996
389,997
389,998
389,999
389,1000
389,1001
389,1002
389,1003
389,1004
389,1005
389,1006
389,1007
389,1008
389,1009
389,1010
389,1011
390,390
390,395
390,396
390,399
390,400
390,403
390,404
390,406
390,407
390,440
390,445
390,446
390,449
390,450
390,453
390,454
390,456
390,457
390,490
390,495
390,496
390,499
390,500
390,503
390,504
390,506
390,507
390,540
390,545
390,546
390,549
390,550
390,553
390,554
390,556
390,557
390,590
390,595
390,596
390,599
390,660
390,665
390,666
390,669
390,730
390,735
390,736
390,739
390,800
390,805
390,806
390,809
390,810
390,811
390,812
390,813
390,814
390,815
390,816
390,820
390,827
390,833
390,834
390,835
390,846
390,848
390,852
390,853
390,857
390,861
390,863
390,864
390,877
390,883
390,886
390,895
390,896
390,898
390,902
390,903
390,907
390,911
390,913
390,914
390,915
390,916
390,920
390,927
390,933
390,934
390,935
390,946
390,948
390,952
390,953
390,957
390,961
390,963
390,964
390,977
390,983
390,986
390,995
390,996
390,998
390,1002
390,1003
390,1007
390,1010
391,391
391,392
391,393
391,394
391,395
391,401
391,405
391,408
391,409
391,410
391,411
391,412
391,441
391,442
391,443
391,444
391,445
391,451
391,455
391,458
391,459
391,460
391,461
391,462
391,491
391,492
391,493
391,494
391,495
391,501
391,505
391,508
391,509
391,510
391,511
391,512
391,541
391,542
391,543
391,544
391,545
391,551
391,555
391,558
391,559
391,560
391,561
391,562
391,591
391,592
391,593
391,594
391,595
391,600
391,601
391,602
391,603
391,661
391,662
391,663
391,664
391,665
391,670
391,671
391,672
391,673
391,731
391,732
391,733
391,734
391,735
391,740
391,741
391,742
391,743
391,801
391,802
391,803
391,804
391,805
391,812
391,816
391,817
391,818
391,819
391,820
391,821
391,822
391,823
391,824
391,825
391,826
391,827
391,828
391,829
391,830
391,831
391,832
391,833
391,834
391,835
391,836
391,837
391,838
391,839
391,840
391,841
391,842
391,843
391,844
391,845
391,846
391,847
391,848
391,849
391,850
391,851
391,852
391,853
391,854
391,855
391,856
391,857
391,858
391,859
391,860
391,861
391,862
391,863
391,864
391,865
391,866
391,867
391,868
391,869
391,870
391,871
391,872
391,873
391,874
391,875
391,876
391,877
391,878
391,879
391,880
391,881
391,882
391,883
391,884
391,885
391,886
391,887
391,888
391,889
391,890
391,891
391,892
391,893
391,894
391,895
391,896
391,897
391,898
391,899
391,900
391,901
391,902
391,903
391,904
391,905
391,906
391,907
391,908
391,909
391,910
391,911
391,912
391,916
391,917
391,918
391,919
391,920
391,921
391,922
391,923
391,924
391,925
391,926
391,927
391,928
391,929
391,930
391,931
391,932
391,933
391,934
391,935
391,936
391,937
391,938
391,939
391,940
391,941
391,942
391,943
391,944
391,945
391,946
391,947
391,948
391,949
391,950
391,951
391,952
391,953
391,954
391,955
391,956
391,957
391,958
391,959
391,960
391,961
391,962
391,963
391,964
391,965
391,966
391,967
391,968
391,969
391,970
391,971
391,972
391,973
391,974
391,975
391,976
391,977
391,978
391,979
391,980
391,981
391,982
391,983
391,984
391,985
391,986
391,987
391,988
391,989
391,990
391,991
391,992
391,993
391,994
391,995
391,996
391,997
391,998
391,999
391,1000
391,1001
391,1002
391,1003
391,1004
391,1005
391,1006
391,1007
391,1008
391,1009
391,1011
391,1012
391,1013
392,392
392,393
392,410
392,442
392,443
392,460
392,492
392,493
392,510
392,542
392,543
392,560
392,592
392,593
392,601
392,603
392,662
392,663
392,671
392,673
392,732
392,733
392,741
392,743
392,802
392,803
392,818
392,822
392,823
392,829
392,830
392,836
392,837
392,838
392,839
392,840
392,841
392,843
392,844
392,847
392,850
392,851
392,854
392,858
392,865
392,866
392,867
392,868
392,869
392,870
392,879
392,880
392,881
392,882
392,883
392,884
392,885
392,887
392,888
392,889
392,890
392,891
392,892
392,893
392,894
392,897
392,900
392,918
392,922
392,923
392,929
392,930
392,936
392,937
392,938
392,939
392,940
392,941
392,943
392,944
392,947
392,950
392,951
392,954
392,958
392,965
392,966
392,967
392,968
392,969
392,970
392,979
392,980
392,981
392,982
392,983
392,984
392,985
392,987
392,988
392,989
392,990
392,991
392,992
392,993
392,994
392,997
392,1000
392,1013
393,393
393,443
393,493
393,543
393,593
393,663
393,733
393,803
393,837
393,838
393,839
393,840
393,841
393,851
393,868
393,881
393,884
393,885
393,888
393,889
393,890
393,891
393,892
393,893
393,894
393,937
393,938
393,939
393,940
393,941
393,951
393,968
393,981
393,984
393,985
393,988
393,989
393,990
393,991
393,992
393,993
393,994
394,394
394,395
394,396
394,398
394,399
394,400
394,401
394,402
394,403
394,404
394,405
394,406
394,407
394,444
394,445
394,446
394,448
394,449
394,450
394,451
394,452
394,453
394,454
394,455
394,456
394,457
394,494
394,495
394,496
394,498
394,499
394,500
394,501
394,502
394,503
394,504
394,505
394,506
394,507
394,544
394,545
394,546
394,548
394,549
394,550
394,551
394,552
394,553
394,554
394,555
394,556
394,557
394,594
394,595
394,596
394,598
394,599
394,600
394,602
394,664
394,665
394,666
394,668
394,669
394,670
394,672
394,734
394,735
394,736
394,738
394,739
394,740
394,742
394,804
394,805
394,806
394,808
394,809
394,810
394,811
394,812
394,813
394,814
394,815
394,816
394,817
394,818
394,819
394,820
394,821
394,822
394,823
394,824
394,825
394,826
394,827
394,828
394,829
394,830
394,831
394,832
394,833
394,834
394,835
394,836
394,837
394,838
394,839
394,840
394,841
394,842
394,843
394,844
394,845
394,846
394,847
394,848
394,849
394,850
394,851
394,852
394,853
394,854
394,855
394,856
394,857
394,858
394,859
394,860
394,861
394,862
394,863
394,864
394,865
394,866
394,867
394,868
394,869
394,870
394,871
394,872
394,873
394,874
394,875
394,876
394,877
394,878
394,879
394,880
394,881
394,882
394,883
394,884
394,885
394,886
394,887
394,888
394,889
394,890
394,891
394,892
394,893
394,894
394,895
394,896
394,897
394,898
394,899
394,900
394,901
394,902
394,903
394,904
394,905
394,906
394,907
394,908
394,909
394,910
394,911
394,912
394,913
394,914
394,915
394,916
394,917
394,918
394,919
394,920
394,921
394,922
394,923
394,924
394,925
394,926
394,927
394,928
394,929
394,930
394,931
394,932
394,933
394,934
394,935
394,936
394,937
394,938
394,939
394,940
394,941
394,942
394,943
394,944
394,945
394,946
394,947
394,948
394,949
394,950
394,951
394,952
394,953
394,954
394,955
394,956
394,957
394,958
394,959
394,960
394,961
394,962
394,963
394,964
394,965
394,966
394,967
394,968
394,969
394,970
394,971
394,972
394,973
394,974
394,975
394,976
394,977
394,978
394,979
394,980
394,981
394,982
394,983
394,984
394,985
394,986
394,987
394,988
394,989
394,990
394,991
394,992
394,993
394,994
394,995
394,996
394,997
394,998
394,999
394,1000
394,1001
394,1002
394,1003
394,1004
394,1005
394,1006
394,1007
394,1008
394,1009
394,1010
394,1011
394,1012
394,1013
394,1014
394,1015
395,395
395,396
395,399
395,400
395,403
395,404
395,406
395,407
395,445
395,446
395,449
395,450
395,453
395,454
395,456
395,457
395,495
395,496
395,499
395,500
395,503
395,504
395,506
395,507
395,545
395,546
395,549
395,550
395,553
395,554
395,556
395,557
395,595
395,596
395,599
395,665
395,666
395,669
395,735
395,736
395,739
395,805
395,806
395,809
395,810
395,811
395,812
395,813
395,814
395,815
395,816
395,817
395,818
395,819
395,820
395,821
395,822
395,823
395,824
395,825
395,826
395,827
395,828
395,829
395,830
395,831
395,832
395,833
395,834
395,835
395,836
395,837
395,838
395,839
395,840
395,841
395,842
395,843
395,844
395,845
395,846
395,847
395,848
395,849
395,850
395,851
395,852
395,853
395,854
395,855
395,856
395,857
395,858
395,859
395,860
395,861
395,862
395,863
395,864
395,865
395,866
395,867
395,868
395,869
395,870
395,871
395,872
395,873
395,874
395,875
395,876
395,877
395,878
395,879
395,880
395,881
395,882
395,883
395,884
395,885
395,886
395,887
395,888
395,889
395,890
395,891
395,892
395,893
395,894
395,895
395,896
395,897
395,898
395,899
395,900
395,901
395,902
395,903
395,904
395,905
395,906
395,907
395,908
395,909
395,910
395,911
395,912
395,913
395,914
395,915
395,916
395,917
395,918
395,919
395,920
395,921
395,922
395,923
395,924
395,925
395,926
395,927
395,928
395,929
395,930
395,931
395,932
395,933
395,934
395,935
395,936
395,937
395,938
395,939
395,940
395,941
395,942
395,943
395,944
395,945
395,946
395,947
395,948
395,949
395,950
395,951
395,952
395,953
395,954
395,955
395,956
395,957
395,958
395,959
395,960
395,961
395,962
395,963
395,964
395,965
395,966
395,967
395,968
395,969
395,970
395,971
395,972
395,973
395,974
395,975
395,976
395,977
395,978
395,979
395,980
395,981
395,982
395,983
395,984
395,985
395,986
395,987
395,988
395,989
395,990
395,991
395,992
395,993
395,994
395,995
395,996
395,997
395,998
395,999
395,1000
395,1001
395,1002
395,1003
395,1004
395,1005
395,1006
395,1007
395,1008
395,1009
395,1010
395,1011
395,1012
395,1013
395,1014
395,1015
396,396
396,407
396,446
396,457
396,496
396,507
396,546
396,557
396,596
396,666
396,736
396,806
396,810
396,811
396,814
396,815
396,819
396,820
396,824
396,825
396,831
396,832
396,833
396,834
396,835
396,842
396,845
396,846
396,853
396,855
396,856
396,857
396,859
396,864
396,869
396,871
396,874
396,875
396,882
396,883
396,901
396,902
396,903
396,906
396,907
396,909
396,910
396,911
396,914
396,915
396,919
396,920
396,924
396,925
396,931
396,932
396,933
396,934
396,935
396,942
396,945
396,946
396,953
396,955
396,956
396,957
396,959
396,964
396,969
396,971
396,974
396,975
396,982
396,983
396,1001
396,1002
396,1003
396,1006
396,1007
396,1009
396,1010
397,397
397,447
397,497
397,547
397,597
397,667
397,737
397,807
397,836
397,837
397,838
397,839
397,840
397,841
397,843
397,844
397,847
397,854
397,858
397,865
397,866
397,867
397,868
397,884
397,885
397,936
397,937
397,938
397,939
397,940
397,941
397,943
397,944
397,947
397,954
397,958
397,965
397,966
397,967
397,968
397,984
397,985
398,398
398,399
398,400
398,401
398,402
398,403
398,404
398,405
398,406
398,407
398,448
398,449
398,450
398,451
398,452
398,453
398,454
398,455
398,456
398,457
398,498
398,499
398,500
398,501
398,502
398,503
398,504
398,505
398,506
398,507
398,548
398,549
398,550
398,551
398,552
398,553
398,554
398,555
398,556
398,557
398,598
398,599
398,600
398,602
398,668
398,669
398,670
398,672
398,738
398,739
398,740
398,742
398,808
398,809
398,810
398,811
398,812
398,813
398,814
398,815
398,816
398,817
398,818
398,819
398,820
398,821
398,822
398,823
398,824
398,825
398,826
398,827
398,828
398,829
398,830
398,831
398,832
398,833
398,834
398,835
398,836
398,837
398,838
398,839
398,840
398,841
398,842
398,843
398,844
398,845
398,846
398,847
398,848
398,849
398,850
398,851
398,852
398,853
398,854
398,855
398,856
398,857
398,858
398,859
398,860
398,861
398,862
398,863
398,864
398,865
398,866
398,867
398,868
398,869
398,870
398,871
398,872
398,873
398,874
398,875
398,876
398,877
398,878
398,879
398,880
398,881
398,882
398,883
398,884
398,885
398,886
398,887
398,888
398,889
398,890
398,891
398,892
398,893
398,894
398,895
398,896
398,897
398,898
398,899
398,900
398,901
398,902
398,903
398,904
398,905
398,906
398,907
398,908
398,909
398,910
398,911
398,912
398,913
398,914
398,915
398,916
398,917
398,918
398,919
398,920
398,921
398,922
398,923
398,924
398,925
398,926
398,927
398,928
398,929
398,930
398,931
398,932
398,933
398,934
398,935
398,936
398,937
398,938
398,939
398,940
398,941
398,942
398,943
398,944
398,945
398,946
398,947
398,948
398,949
398,950
398,951
398,952
398,953
398,954
398,955
398,956
398,957
398,958
398,959
398,960
398,961
398,962
398,963
398,964
398,965
398,966
398,967
398,968
398,969
398,970
398,971
398,972
398,973
398,974
398,975
398,976
398,977
398,978
398,979
398,980
398,981
398,982
398,983
398,984
398,985
398,986
398,987
398,988
398,989
398,990
398,991
398,992
398,993
398,994
398,995
398,996
398,997
398,998
398,999
398,1000
398,1001
398,1002
398,1003
398,1004
398,1005
398,1006
398,1007
398,1008
398,1009
398,1010
398,1011
399,399
399,400
399,403
399,404
399,406
399,407
399,449
399,450
399,453
399,454
399,456
399,457
399,499
399,500
399,503
399,504
399,506
399,507
399,549
399,550
399,553
399,554
399,556
399,557
399,599
399,669
399,739
399,809
399,810
399,811
399,812
399,813
399,814
399,815
399,816
399,817
399,818
399,819
399,820
399,821
399,822
399,823
399,824
399,825
399,826
399,827
399,828
399,829
399,830
399,831
399,832
399,833
399,834
399,835
399,836
399,837
399,838
399,839
399,840
399,841
399,842
399,843
399,844
399,845
399,846
399,847
399,848
399,849
399,850
399,851
399,852
399,853
399,854
399,855
399,856
399,857
399,858
399,859
399,860
399,861
399,862
399,863
399,864
399,865
399,866
399,867
399,868
399,869
399,870
399,871
399,872
399,873
399,874
399,875
399,876
399,877
399,878
399,879
399,880
399,881
399,882
399,883
399,884
399,885
399,886
399,887
399,888
399,889
399,890
399,891
399,892
399,893
399,894
399,895
399,896
399,897
399,898
399,899
399,900
399,901
399,902
399,903
399,904
399,905
399,906
399,907
399,908
399,909
399,910
399,911
399,912
399,913
399,914
399,915
399,916
399,917
399,918
399,919
399,920
399,921
399,922
399,923
399,924
399,925
399,926
399,927
399,928
399,929
399,930
399,931
399,932
399,933
399,934
399,935
399,936
399,937
399,938
399,939
399,940
399,941
399,942
399,943
399,944
399,945
399,946
399,947
399,948
399,949
399,950
399,951
399,952
399,953
399,954
399,955
399,956
399,957
399,958
399,959
399,960
399,961
399,962
399,963
399,964
399,965
399,966
399,967
399,968
399,969
399,970
399,971
399,972
399,973
399,974
399,975
399,976
399,977
399,978
399,979
399,980
399,981
399,982
399,983
399,984
399,985
399,986
399,987
399,988
399,989
399,990
399,991
399,992
399,993
399,994
399,995
399,996
399,997
399,998
399,999
399,1000
399,1001
399,1002
399,1003
399,1004
399,1005
399,1006
399,1007
399,1008
399,1009
399,1010
399,1011
400,400
400,404
400,450
400,454
400,500
400,504
400,550
400,554
400,811
400,813
400,814
400,815
400,820
400,827
400,833
400,834
400,835
400,846
400,848
400,852
400,853
400,857
400,861
400,863
400,864
400,877
400,883
400,886
400,895
400,896
400,898
400,902
400,903
400,907
400,911
400,913
400,914
400,915
400,920
400,927
400,933
400,934
400,935
400,946
400,948
400,952
400,953
400,957
400,961
400,963
400,964
400,977
400,983
400,986
400,995
400,996
400,998
400,1002
400,1003
400,1007
400,1010
401,401
401,405
401,451
401,455
401,501
401,505
401,551
401,555
401,812
401,816
401,817
401,818
401,819
401,821
401,822
401,823
401,828
401,829
401,830
401,849
401,850
401,851
401,862
401,878
401,879
401,880
401,881
401,882
401,899
401,900
401,901
401,904
401,905
401,908
401,912
401,916
401,917
401,918
401,919
401,921
401,922
401,923
401,928
401,929
401,930
401,949
401,950
401,951
401,962
401,978
401,979
401,980
401,981
401,982
401,999
401,1000
401,1001
401,1004
401,1005
401,1008
401,1011
401,1012
401,1013
402,817
402,818
402,823
402,830
402,880
402,881
402,905
402,917
402,918
402,923
402,930
402,980
402,981
402,1005
402,1012
402,1013
403,818
403,881
403,918
403,981
403,1013
404,1014
404,1015
405,1015
406,1016
406,1017
407,1017
408,1018
408,1019
408,1020
408,1021
408,1022
408,1023
408,1025
408,1026
409,1019
409,1020
410,1020
411,1021
412,1022
412,1023
413,1023
414,1024
415,1025
415,1026
416,1026
417,1027
418,1028
418,1029
419,1029
420,1030
420,1031
420,1032
420,1033
420,1034
420,1036
420,1037
420,1038
420,1039
421,1031
421,1032
421,1037
421,1038
421,1039
422,1032
423,1033
424,1034
425,1035
426,1036
426,1037
426,1038
426,1039
427,1037
427,1038
427,1039
428,1038
428,1039
429,1039
430,1040
431,1041
431,1042
431,1043
431,1044
431,1045
431,1046
431,1047
431,1048
431,1049
432,1042
432,1043
432,1044
432,1045
432,1046
432,1047
432,1048
432,1049
433,1043
433,1044
433,1045
433,1046
433,1047
433,1048
433,1049
434,1044
434,1045
434,1046
434,1047
434,1048
434,1049
435,1045
435,1046
435,1047
435,1048
435,1049
436,1046
436,1047
436,1048
436,1049
437,1047
437,1048
437,1049
438,1048
438,1049
439,1049
440,1050
440,1051
440,1052
440,1053
440,1054
440,1055
440,1056
440,1057
441,1051
441,1052
441,1055
441,1056
442,1052
442,1056
443,1053
443,1057
443,1058
443,1059
444,1054
444,1055
444,1056
445,1055
445,1056
446,1056
447,1057
447,1058
447,1059
448,1058
448,1059
449,1059
450,1060
451,1061
451,1062
451,1063
452,1062
452,1063
453,1063
454,1064
454,1065
454,1067
454,1068
454,1069
454,1070
454,1072
454,1073
455,1065
455,1069
455,1070
456,1066
456,1071
457,1067
457,1068
457,1069
457,1070
457,1072
457,1073
458,1068
458,1069
458,1070
458,1073
459,1069
459,1070
460,1070
461,1071
462,1072
462,1073
463,1073
464,1074
465,1075
465,1076
466,1076
467,1077
468,1078
468,1079
469,1079
470,1080
470,1081
470,1082
470,1083
470,1084
470,1086
470,1087
470,1088
471,1081
471,1082
471,1084
471,1087
471,1088
472,1082
473,1083
474,1084
475,1085
476,1086
476,1087
476,1088
477,1087
477,1088
478,1088
479,1089
479,1090
479,1091
480,1090
480,1091
481,1091
482,1092
482,1093
483,1093
484,1094
485,1095
486,1096
487,1097
487,1098
487,1099
488,1098
488,1099
489,1099
490,1100
490,1101
490,1102
490,1103
490,1105
490,1106
490,1107
490,1108
490,1109
490,1110
491,1101
491,1102
491,1103
491,1110
492,1102
492,1103
493,1103
494,1104
495,1105
495,1106
495,1107
496,1106
497,1107
497,1108
497,1109
498,1108
498,1109
499,1109
500,1110
500,1114
500,1115
501,1111
501,1112
501,1113
501,1116
501,1117
502,1112
502,1113
502,1117
503,1113
504,1114
504,1115
505,1115
506,1116
506,1117
506,1118
506,1119
506,1121
507,1117
508,1118
508,1119
508,1120
508,1121
508,1122
508,1123
508,1125
508,1126
509,1119
509,1120
510,1120
511,1121
512,1122
512,1123
513,1123
514,1124
515,1125
515,1126
516,1126
517,1127
518,1128
518,1129
518,1131
519,1129
520,1130
521,1131
522,1132
522,1134
523,1133
524,1134
525,1135
526,1136
526,1137
526,1138
527,1137
527,1138
528,1138
529,1139
529,1140
530,1140
531,1141
531,1142
531,1143
532,1142
532,1143
533,1143
534,1144
535,1145
535,1146
535,1147
535,1148
535,1149
536,1146
536,1147
536,1148
536,1149
537,1147
537,1148
537,1149
538,1148
538,1149
539,1149
540,1150
540,1151
540,1152
540,1153
541,1151
541,1152
541,1153
542,1152
542,1153
543,1153
544,1154
545,1155
545,1156
546,1156
547,1157
547,1158
547,1159
548,1158
548,1159
549,1159
550,1160
551,1161
551,1162
551,1163
551,1164
552,1162
552,1163
553,1163
554,1164
554,1165
554,1167
554,1168
554,1169
554,1170
554,1171
554,1172
554,1173
555,1165
555,1169
556,1166
557,1167
557,1168
557,1169
557,1170
557,1172
557,1173
558,1168
558,1169
558,1173
559,1169
560,1170
560,1171
560,1172
561,1171
562,1172
562,1173
563,1173
564,1174
564,1176
564,1177
565,1175
565,1178
565,1179
565,1180
566,1176
566,1177
567,1177
568,1178
568,1179
569,1179
570,1180
570,1181
570,1182
570,1183
570,1184
570,1185
570,1186
570,1187
570,1188
571,1181
571,1182
571,1185
571,1186
571,1187
571,1188
572,1182
572,1186
572,1187
572,1188
573,1183
574,1184
574,1185
574,1186
574,1187
574,1188
574,1189
575,1185
575,1186
575,1187
575,1188
576,1186
576,1187
576,1188
577,1187
577,1188
578,1188
579,1189
579,1190
580,1190
581,1191
581,1192
581,1193
582,1192
582,1193
583,1193
584,1194
585,1195
585,1196
585,1197
585,1198
585,1199
586,1196
586,1197
586,1198
586,1199
587,1197
587,1198
587,1199
588,1198
588,1199
589,1199
590,1200
590,1201
590,1202
590,1203
591,1201
591,1202
591,1203
592,1202
592,1203
593,1203
594,1204
595,1205
595,1206
596,1206
597,1207
597,1208
597,1209
597,1210
597,1211
597,1212
597,1213
598,1208
598,1211
598,1212
598,1213
599,1209
599,1210
599,1214
599,1215
599,1216
599,1217
599,1218
599,1219
599,1220
599,1221
599,1222
599,1223
599,1225
599,1226
599,1228
599,1229
599,1230
599,1233
600,1210
600,1218
600,1219
600,1220
600,1221
600,1222
600,1223
600,1226
601,1211
601,1212
601,1213
601,1224
601,1227
602,1212
602,1213
603,1213
604,1214
604,1215
605,1215
606,1216
606,1217
606,1218
606,1219
606,1221
607,1217
608,1218
608,1219
608,1220
608,1221
608,1222
608,1223
608,1225
608,1226
608,1228
608,1229
608,1230
608,1233
609,1219
609,1220
609,1229
610,1220
611,1221
612,1222
612,1223
613,1223
614,1224
614,1227
615,1225
615,1226
615,1228
615,1229
615,1230
616,1226
617,1227
618,1228
618,1229
618,1230
619,1229
620,1230
620,1231
620,1232
620,1233
620,1234
621,1231
621,1232
622,1232
623,1233
624,1234
625,1235
625,1236
625,1237
626,1236
627,1237
627,1238
628,1238
629,1239
629,1240
630,1240
631,1241
631,1242
631,1243
632,1242
632,1243
633,1243
634,1244
635,1245
635,1246
635,1247
635,1248
635,1249
636,1246
636,1247
636,1248
636,1249
637,1247
637,1248
637,1249
638,1248
638,1249
639,1249
640,1250
640,1251
640,1252
640,1253
640,1255
641,1251
641,1252
641,1253
642,1252
642,1253
643,1253
644,1254
645,1255
646,1256
646,1257
646,1258
646,1259
647,1257
647,1258
648,1258
649,1259
649,1260
650,1260
651,1261
651,1262
651,1263
651,1264
652,1262
652,1263
653,1263
654,1264
654,1265
654,1266
654,1268
654,1269
654,1270
654,1272
654,1273
655,1265
655,1266
655,1269
655,1270
656,1266
656,1270
657,1267
657,1271
658,1268
658,1269
658,1270
658,1272
658,1273
659,1269
659,1270
660,1270
661,1271
662,1272
662,1273
663,1273
664,1274
665,1275
665,1276
666,1276
667,1277
668,1278
668,1279
668,1280
669,1279
669,1280
670,1280
671,1281
671,1282
672,1282
673,1283
674,1284
674,1285
674,1286
674,1287
674,1288
674,1289
675,1285
675,1286
675,1287
675,1288
675,1289
676,1286
676,1287
676,1288
677,1287
677,1288
678,1288
679,1289
679,1290
680,1290
681,1291
681,1292
681,1293
681,1294
681,1295
681,1296
681,1297
681,1298
682,1292
682,1293
682,1294
682,1295
682,1296
682,1297
682,1298
683,1293
683,1294
683,1295
683,1296
683,1297
683,1298
684,1294
684,1295
684,1296
684,1297
684,1298
685,1295
685,1296
685,1297
685,1298
686,1296
686,1297
686,1298
687,1297
687,1298
688,1298
689,1299
689,1300
689,1301
689,1302
689,1303
689,1304
689,1305
689,1306
689,1307
690,1300
690,1301
690,1302
690,1303
690,1306
690,1307
691,1301
691,1302
691,1303
692,1302
692,1303
693,1303
694,1304
695,1305
695,1306
695,1307
696,1306
696,1307
697,1307
698,1308
698,1309
698,1310
698,1311
698,1312
698,1313
698,1314
699,1309
699,1313
700,1310
700,1314
700,1315
701,1311
701,1312
701,1313
702,1312
702,1313
703,1313
704,1314
704,1315
705,1315
706,1316
706,1317
706,1318
706,1319
706,1321
707,1317
708,1318
708,1319
708,1320
708,1321
708,1322
708,1323
708,1325
708,1327
708,1328
708,1329
708,1330
708,1333
708,1335
709,1319
709,1320
709,1329
710,1320
711,1321
712,1322
712,1323
713,1323
714,1324
714,1326
715,1325
715,1327
715,1328
715,1329
715,1330
716,1326
717,1327
717,1328
717,1329
717,1330
718,1328
718,1329
719,1329
720,1330
720,1331
720,1332
720,1333
720,1334
720,1335
720,1336
720,1337
720,1338
721,1331
721,1332
721,1336
721,1337
721,1338
722,1332
723,1333
723,1335
724,1334
725,1335
726,1336
726,1337
726,1338
727,1337
727,1338
728,1338
729,1339
729,1340
730,1340
731,1341
731,1342
731,1343
732,1342
732,1343
733,1343
734,1344
735,1345
735,1346
735,1347
735,1348
735,1349
736,1346
736,1347
736,1348
736,1349
737,1347
737,1348
737,1349
738,1348
738,1349
739,1349
740,1350
740,1351
740,1352
740,1353
741,1351
741,1352
741,1353
742,1352
742,1353
743,1353
744,1354
744,1355
745,1355
746,1356
747,1357
747,1358
747,1359
748,1358
748,1359
749,1359
750,1360
751,1361
751,1362
751,1363
752,1362
752,1363
753,1363
754,1364
754,1365
755,1365
756,1366
756,1367
756,1368
756,1369
757,1367
758,1368
758,1369
758,1370
759,1369
759,1370
760,1370
761,1371
761,1372
761,1374
762,1372
763,1373
763,1375
763,1376
763,1378
763,1379
763,1380
764,1374
764,1377
764,1381
764,1382
765,1375
765,1376
765,1378
765,1379
765,1380
765,1383
766,1376
767,1377
768,1378
768,1379
768,1380
769,1379
769,1380
770,1380
771,1381
771,1382
771,1383
771,1384
771,1386
771,1387
771,1388
772,1382
772,1384
773,1383
774,1384
775,1385
776,1386
776,1387
776,1388
777,1387
777,1388
778,1388
779,1389
779,1390
780,1390
781,1391
781,1392
781,1393
782,1392
782,1393
783,1393
784,1394
785,1395
785,1396
785,1397
785,1398
785,1399
786,1396
786,1397
786,1398
786,1399
787,1397
787,1398
787,1399
788,1398
788,1399
789,1399
790,1400
790,1401
791,1401
792,1402
793,1403
794,1404
794,1406
794,1407
794,1408
794,1409
795,1405
796,1406
796,1407
796,1408
796,1409
797,1407
797,1408
797,1409
798,1408
798,1409
799,1409
